chromosome	start.pos	end.pos	Bf	N.BAF	sd.BAF	depth.ratio	N.ratio	sd.ratio	CNt	A	B	LPP
chr1	10109	666461	0.366804140033761	173	0.132159768191908	1.18146192270352	4686	0.523187095697224	8	5	3	-6.76937023896628
chr1	673518	2551889	0.498900037971041	2270	0.0897887042669819	0.988547865354298	51699	0.353109416044207	6	3	3	-6.7515768116291
chr1	2576904	2783189	0.480494723425343	241	0.118401012048962	1.08095069231092	5048	0.335402154956283	6	3	3	-6.75140820941046
chr1	2790080	5793587	0.498919789417582	3548	0.0767571340523276	1.03333329026438	85976	0.341024188180586	6	3	3	-6.73316252833529
chr1	5794547	5841010	0.324920824484447	51	0.10725032839659	1.05501841291069	1396	0.545990063164773	6	4	2	-6.73726219688832
chr1	5841155	12802146	0.498926240289078	4923	0.0753615081620695	1.00163492460672	198418	0.331782031772529	6	3	3	-6.77200861674839
chr1	12802186	12865000	0.454916571928383	305	0.104237200566213	1.04590960235482	1846	0.429411259863715	9	5	4	-6.77037125334661
chr1	12865169	13367410	0.306540056223628	950	0.118669004118203	0.99068705736788	7124	0.421822490121849	6	4	2	-6.76788198330323
chr1	13367518	16509578	0.494624150197804	3255	0.0721610329976444	1.02414053628118	90522	0.334391184467978	6	3	3	-6.73800506988128
chr1	16509623	16896273	0.498794863156067	723	0.103926948842264	1.01918659909843	9871	0.299521911068077	6	3	3	-6.73367177286101
chr1	16900413	58623042	0.482219075276292	25899	0.0729622734001614	1.01342732214735	1177746	0.332854803732003	6	3	3	-6.86105503170467
chr1	58630383	58630969	0.208564744293785	12	0.0644789723769531	1.25994526891715	28	0.476335993638922	19	15	4	-6.73517983651357
chr1	58635570	80327855	0.498949718963977	14413	0.068680628371656	1.07886398700698	614387	0.351159473082495	6	3	3	-6.91522121982189
chr1	80330443	80331151	0.236506443314398	9	0.108083429709543	0.583116169910148	36	0.196279020703319	4	3	1	-6.7444990391983
chr1	80334359	108375890	0.498953162843065	18428	0.0687476243907316	1.09536986312291	793109	0.355460985999554	6	3	3	-7.14200284007862
chr1	108378558	108489975	0.484790188722359	17	0.166789824594414	1.05121590963326	870	0.398604246069943	6	3	3	-6.73812563862916
chr1	108500351	120005067	0.498934964587064	5662	0.0693641637612449	1.08308496563355	325815	0.346401980404056	6	3	3	-6.85286849182581
chr1	120031709	122107745	0.498840683611104	1132	0.116950768485555	1.05995891074422	33403	0.441616227017988	6	3	3	-6.73691710805503
chr1	122107757	123399649	0.333392215699789	1975	0.144567364884862	1.08919897651615	24254	0.806661781537919	6	4	2	-6.73621961989263
chr1	123400279	124933592	0.395737891772356	3378	0.144102168648784	1.08773317745638	46672	0.783923137294745	7	4	3	-6.78034238720893
chr1	124934431	248945670	0.306529907407722	60329	0.1031059117585	1.05551932812332	2701031	0.415024373948518	6	4	2	-6.94781712155069
chr1	248945674	248945935	0.216980718452019	9	0.142213845239406	2.48414663726139	23	1.24726563538702	14	11	3	-6.73318448242214
chr2	30827	88998084	0.204044574269385	55705	0.116948892165265	1.08029600819866	2135431	0.536779210002761	6	5	1	-7.1216455744319
chr2	88998104	89003629	0.149469949361686	131	0.0866346816025263	0.988110909229695	275	0.333031951774083	7	6	1	-6.73671008320507
chr2	89006487	89008352	0.181609975761429	9	0.0829931389399817	1.20675976852831	88	0.647098103024035	11	9	2	-6.73362637762645
chr2	89008363	90073194	0.393227843754459	493	0.139487437918829	1.08583804547755	18063	0.553953752630404	7	4	3	-6.79464187867837
chr2	90075377	90077060	0.22362082485022	37	0.100442586651346	1.42922570527492	102	0.493016017720898	9	7	2	-6.73309280594443
chr2	90077101	91874239	0.304955239146826	1536	0.129942672124351	1.09499433834304	19357	0.476817201491453	6	4	2	-6.77801347933469
chr2	91875171	93898784	0.332650435295776	1171	0.141653652875529	0.957093547856126	10967	0.887001891653246	6	4	2	-6.74235291277397
chr2	93912001	94573978	0.498760258656547	554	0.119016876115896	0.892229784444964	6986	0.351149331675445	6	3	3	-6.80262078448789
chr2	94578281	242183443	0.219693884312984	80409	0.117369313289221	1.05539222483999	3524608	0.512606052611228	6	5	1	-6.98226929989568
chr3	11956	8616061	0.498902680058606	7549	0.0909019749325103	0.96179678376791	217423	0.400480927796395	6	3	3	-6.89855376545583
chr3	8617460	8617472	-0.000862595890242068	10	0	0.674815671882172	10	0.0386833297429267	0	0	0	-Inf
chr3	8618322	75525714	0.498934174624576	39254	0.0936774467597063	0.916745688098975	1678797	0.374714158546629	5	3	2	-8.24289374956545
chr3	75525834	75546342	0.220543163696501	67	0.101581960100305	0.86110365698429	480	0.443501291776289	5	4	1	-6.75469091180818
chr3	75546672	75676584	0.317359070094344	330	0.099901812761607	1.00412228269603	3629	0.352752643655178	6	4	2	-6.74996836199602
chr3	75676669	75691419	0.498651897481889	247	0.133382157752014	0.91217382767651	698	0.318043880757734	6	3	3	-6.73447232810876
chr3	75691459	76002488	0.49879599953028	421	0.105303796405365	0.967432034286486	8577	0.394828368755758	6	3	3	-6.73845313606809
chr3	76003181	90673620	0.49890283590811	9361	0.0961098583046034	0.946996491659672	366580	0.395044354529224	6	3	3	-7.14260962489839
chr3	90673756	90702262	0.355739553913536	39	0.11511901955788	1.51206291015871	359	1.00888314610875	14	9	5	-6.73678818751417
chr3	90719589	90898997	0.300968894408024	257	0.126437955305473	0.896858047705901	1999	0.647003421330294	7	5	2	-6.7635473336052
chr3	90902244	195477977	0.473720663833118	70851	0.0863213202499507	0.915304862193766	2785636	0.306211600330105	5	3	2	-8.87961157936488
chr3	195478305	198187600	0.498863391772046	3230	0.102270075512376	0.902108833495268	77727	0.309912046490977	6	3	3	-7.03404475953564
chr4	12333	64486	0.38541116588631	70	0.144722486630952	1.06876805963675	1049	0.43843563831816	8	5	3	-6.74643868417597
chr4	65000	530085	0.00200347855324534	201	0.0388291666032697	0.913258208732008	11235	0.408896450079552	5	5	0	-6.73848064639378
chr4	531271	706554	0.366239918529822	81	0.170193314197506	0.918216525883202	4310	0.467878229595854	5	3	2	-6.75898920618942
chr4	706891	4013238	0.00100036971726986	1382	0.099157684988853	0.862027291373741	78803	0.395921802144822	5	5	0	-6.73309611232138
chr4	4013497	4019280	0.499284684697842	16	0.0645742144099846	1.03195167132446	188	0.301757966929296	6	3	3	-6.73310354767914
chr4	4028450	29635510	0.00164081186338738	9309	0.0579032548503767	0.924283945873295	607119	0.412198013066592	5	5	0	-7.13727047104335
chr4	29646064	29731609	0.000759970823508427	19	0.192500307586904	0.91845007113093	1984	0.452098436343955	5	5	0	-6.73404668831863
chr4	29758496	45012134	-0.0011332116182271	5430	0.034493136820313	0.938095759486546	366935	0.421384606919679	5	5	0	-7.08135049264302
chr4	45012813	45014432	0.378254318671456	89	0.0571274872168373	1.16998241589456	142	0.26492018312358	8	5	3	-6.73498823499865
chr4	45014460	49085339	0.00112894716642131	679	0.0521991456328687	0.94466334873364	97202	0.41153687357415	6	6	0	-6.84936643076034
chr4	49091321	49125247	0.47707490111813	819	0.105931607176399	1.31969063569708	8699	0.370201028943874	8	4	4	-6.76127696222598
chr4	49125817	49127140	0.490540177250448	27	0.173105644340571	0.677140734538027	164	0.22742979836139	4	2	2	-6.73482704343923
chr4	49127181	49138333	0.453112543718149	187	0.151831286179564	1.48433760284612	1764	0.53003186568919	11	6	5	-6.73450004382388
chr4	49138358	49139429	0.487293706617511	24	0.179495912512502	0.869695250961471	86	0.351784541267368	6	3	3	-6.7361908863207
chr4	49139498	49181117	0.481536247769029	613	0.113037432597145	1.19598938574551	4724	0.339207446056998	8	4	4	-6.75334437979857
chr4	49181148	49219025	0.0328515063426337	149	0.16918996200497	0.847178797335609	1106	0.377039369579088	5	5	0	-6.75295012587701
chr4	49219172	49333156	0.450021718576029	331	0.150941549268025	0.979797257065358	2499	0.421746447201979	7	4	3	-6.76145258430882
chr4	49333291	49708891	0.491491474039111	1212	0.126416040707538	1.48114338758218	10498	0.440350109223227	8	4	4	-6.7418041553879
chr4	49709141	49972228	0.360191430928996	132	0.114730648115195	0.998677625041184	1235	0.518497325523773	6	4	2	-6.76511269136887
chr4	50003045	51701539	0.498534455761591	130	0.152648980964125	1.28140747520796	2298	0.878756059733999	8	4	4	-6.74003728933006
chr4	51815341	62562006	0.000199009113596299	2686	0.0463173150852872	0.958241135827182	255931	0.434465460274541	6	6	0	-6.92666099780025
chr4	62566373	62578833	0.00935181995187018	9	0.151666666666667	1.04018009401794	307	0.50115401722553	6	6	0	-6.734566351868
chr4	62578890	69257896	0.00114065291140555	2581	0.0331337240051192	0.97368496978631	157791	0.447254849995822	6	6	0	-6.80541256978701
chr4	69272146	69274384	0.341319625404136	76	0.100548428586568	1.07994535821401	137	0.290737146478802	6	4	2	-6.73633116714231
chr4	69301487	69380076	0.0264452027338666	27	0.103716178024673	1.17103301669264	1840	0.684575819971415	7	7	0	-6.76779482922029
chr4	69381352	69383676	0.498629750015325	53	0.122877586671618	0.834428525479604	124	0.247594683693186	4	2	2	-6.73391708599334
chr4	69385329	78116010	0.00197688891946696	2620	0.0356288246550081	0.935177835986254	210614	0.413406632285717	5	5	0	-6.92717850380234
chr4	78117717	78117941	0.499152877564486	14	0.0650190589133526	1.18041532351034	22	0.235047826025855	6	3	3	-6.73317404067677
chr4	78118017	118605026	0.000537695387900661	10264	0.0356515742759728	0.93953085383632	970635	0.4222261941253	5	5	0	-7.59482499724451
chr4	118609594	118633814	0.498443774804462	28	0.146879733403408	0.908988511713095	569	0.361341802713959	6	3	3	-6.7349532841858
chr4	118663263	123251962	0.0012796890756811	1272	0.0394492574292231	0.909693375122198	109109	0.397979248780935	5	5	0	-6.78215057673372
chr4	123253211	131732500	-0.000654418711639904	2020	0.0356818820899036	1.30615480514509	225923	0.513605836567549	8	8	0	-6.78944536877339
chr4	131732796	131764212	0.498373002153656	64	0.162233175320596	1.49952427788628	376	0.548829345041538	8	4	4	-6.73353755838265
chr4	131764424	143824621	-0.000439209744473118	2643	0.042095652085013	1.24335637541912	315737	0.491116486474347	7	7	0	-6.76182909377881
chr4	143848951	144127840	0.49844823915087	73	0.168758712498466	1.23285884354482	7199	0.504755827183012	8	4	4	-6.74119763503981
chr4	144128759	159962713	-0.000129058733806781	2829	0.0552112606984268	1.1950001690766	415483	0.468041000432253	7	7	0	-6.73723346321573
chr4	159982696	165205430	0.000118092569062422	1630	0.0227234894241049	0.580291982435609	97672	0.319151761882778	3	3	0	-7.10712152358213
chr4	165213053	165281594	0.46004789500634	34	0.131376220184425	0.566360186675187	1394	0.279808441308219	4	2	2	-6.80863118999791
chr4	165332773	174382179	2.55190573646702e-05	2257	0.0415664787545248	0.564772007805206	171729	0.304386287323329	3	3	0	-7.13052275730458
chr4	174383293	174383679	0.355621580993897	10	0.0916699393355192	0.943995455650979	24	0.130298069657696	11	7	4	-6.74450339633158
chr4	174385319	177996578	0.00115125773498503	1302	0.0204935836234233	0.579943305544822	69747	0.318202827422207	3	3	0	-6.99362375663341
chr4	177999821	190120272	0.498916176958516	11753	0.0936891985664872	0.796453143092459	299088	0.335240795226772	5	3	2	-7.71734223439761
chr4	190120900	190203842	0.280219174420279	140	0.125949911535607	1.15820192686099	1117	0.577497045760889	7	5	2	-6.73468747011484
chr5	15890	47059741	0.243832217543834	23782	0.0923720710191972	1.08768767667917	1324235	0.355321230192967	6	5	1	-7.63286982612347
chr5	47059774	47066379	0.263828342751925	47	0.135398961650048	1.89677851237176	100	0.852010453295764	15	11	4	-6.73387226011476
chr5	47074225	47307723	0.302173319659422	267	0.125717594312628	1.07659192512091	2049	0.528065074919925	7	5	2	-6.74902036011592
chr5	49591952	49676923	0.300344662789359	393	0.107521280701096	1.07261565615904	3991	0.27247240633954	7	5	2	-6.75264024024448
chr5	49677467	175910286	0.237603559789655	74342	0.091822217860083	0.930238313388817	3512892	0.291622090144537	5	4	1	-9.80176937758875
chr5	175913978	176118639	0.49886468164725	245	0.100336958557616	0.882829417176893	5020	0.295656661049821	6	3	3	-6.76813164595828
chr5	176119548	181477761	0.237762842447017	3906	0.0971939021466391	0.921069277555513	144034	0.307820104886437	5	4	1	-6.95968247226797
chr6	110300	31327736	0.329465255765241	26215	0.100379180898696	0.956333928518127	832556	0.344705164442322	6	4	2	-7.57360542996845
chr6	31327761	31334865	0.499324529163822	292	0.0875367479205244	0.901420863805323	472	0.373805807290026	6	3	3	-6.73364230602374
chr6	31334941	31337107	0.371146555482844	122	0.0843568963627843	1.23750315512514	182	0.37821525481552	8	5	3	-6.73459929982268
chr6	31337132	32482556	0.320184562256036	2497	0.103389845886369	0.871506984191982	30513	0.33369211897437	6	4	2	-6.91935348710208
chr6	32482675	32483327	0.431574064701981	25	0.179888826779208	1.49225376148039	45	0.222411432832365	7	4	3	-6.73353313946187
chr6	32483357	32505642	0.276790219925949	733	0.106959089985017	0.894425556675146	1499	0.277654164178963	7	5	2	-6.75326425073301
chr6	32505710	32511108	0.303462019000348	78	0.105436609492996	1.19079205995263	171	0.561747527657863	10	7	3	-6.73492883571763
chr6	32511128	32512822	0.498656892195501	133	0.126214424231259	0.723633153836821	170	0.159272655102557	4	2	2	-6.73318459291365
chr6	32513490	32518906	0.496140717868395	142	0.106845831061503	1.08907136639137	329	0.360343189361075	6	3	3	-6.73387901555574
chr6	32518915	32519176	0.288782238045929	28	0.0842761506994688	0.539325197239257	42	0.0671149316726632	7	5	2	-6.75597380799337
chr6	32519193	32530780	0.368415848960256	462	0.114248437095911	0.930964059259969	806	0.306407647661282	8	5	3	-6.7465808139221
chr6	32530807	32531479	0.498532914734334	52	0.153409598467504	0.535105470035378	72	0.0931580755191346	4	2	2	-6.73610987579894
chr6	32533066	32535721	0.479700176164826	159	0.10532177769549	0.927532377381064	251	0.227087183566662	6	3	3	-6.75560355259569
chr6	32535756	32536209	0.498743744514111	34	0.111585354970311	1.54917572864653	52	0.373010466939542	10	5	5	-6.7331275137335
chr6	32536238	32537067	0.271513520693285	40	0.120037064254637	0.650952006355981	64	0.113838087295279	4	3	1	-6.75020367415747
chr6	32537089	32538245	0.421679157094142	66	0.0835288931488739	1.17989595585982	105	0.254041998489102	7	4	3	-6.73736418650153
chr6	32538849	32554409	0.302791172137187	602	0.104044965062278	0.881397430205086	1075	0.31229719318406	7	5	2	-6.75741194384444
chr6	32554414	32554717	0.380543212707517	24	0.0776280148892922	0.430318073029253	32	0.0742945247732989	8	5	3	-6.78003324359968
chr6	32556843	32574260	0.300051099489982	265	0.109692752983848	0.816478804521283	666	0.306397982176986	7	5	2	-6.75929941850033
chr6	32574444	32579005	0.389962257945004	157	0.0956549651951587	1.07833968151535	318	0.424838274500529	5	3	2	-6.74092482540413
chr6	32579018	32579209	0.396804050279705	15	0.0763740793725201	0.452353227961011	22	0.13406081840084	5	3	2	-6.73701605402598
chr6	32580338	32582837	0.498720937365975	135	0.114939891037385	0.875265416014654	217	0.210040603727471	6	3	3	-6.73405136540896
chr6	32582902	32583141	0.210999983127562	22	0.0886625125153868	1.9270061662064	29	0.345887617359114	19	15	4	-6.73336616116066
chr6	32583154	32598319	0.36119744864488	584	0.108662115713523	0.835851665485254	972	0.251518527906877	6	4	2	-6.77719914354311
chr6	32598372	32603266	0.256061926761352	176	0.0990076461365813	0.864531767634561	288	0.290373700824418	4	3	1	-6.73619739248113
chr6	32603321	32603882	0.33747089688693	12	0.0321389030756977	0.331513693354556	20	0.119647068717255	3	2	1	-6.7430485972673
chr6	32603913	32605074	0.360918188079332	56	0.0542925098275685	0.970999376412824	90	0.19649829808058	11	7	4	-6.74285676597392
chr6	32605134	32606003	0.46684360617598	34	0.0323223514437308	0.563244892642942	54	0.146966003855681	15	8	7	-6.78844888857743
chr6	32606132	32623909	0.496768723801276	550	0.0974892879845459	0.811382140900209	971	0.25909270233055	4	2	2	-6.73780628172697
chr6	32623975	32628346	0.225594379720094	89	0.105393718037835	1.09030186478182	187	0.406482325535708	9	7	2	-6.73540011806811
chr6	32628354	32633556	0.322449780716377	178	0.114402198033955	0.757457327540685	321	0.26037827289562	6	4	2	-6.74349106413054
chr6	32633584	32634925	0.181868437666173	33	0.102098641400156	1.1424467182252	69	0.258942953392595	11	9	2	-6.7361068895145
chr6	32634974	32644909	0.339988528464388	476	0.0802000114706591	0.798472937515596	728	0.348732722403389	6	4	2	-6.73977510984802
chr6	32644924	32645665	0.139206718129854	35	0.0647715831456456	0.642049012005713	49	0.209641287411986	7	6	1	-6.74017682878425
chr6	32645749	32660729	0.317916185788504	114	0.0994640536382583	1.07842031229768	285	0.572615313459052	6	4	2	-6.74851798808838
chr6	32660771	32661145	0.179994126756431	20	0.0563390815088705	0.440676212513594	29	0.150447992748881	11	9	2	-6.75512028584399
chr6	32661162	32668213	0.328505426611074	240	0.101505936834708	0.803475506626664	392	0.29167138427085	6	4	2	-6.73788937211743
chr6	32668244	32668574	0.499528922918708	23	0.0397524951363461	0.514066094201311	29	0.115975865928358	4	2	2	-6.73439785668981
chr6	32668587	32668979	0.271378995995497	24	0.0656617236791857	1.23629186428946	33	0.230034891128202	11	8	3	-6.73427056607101
chr6	32669123	59780790	0.338862376336764	16655	0.0996749088395432	0.944930853123067	689077	0.344546669333172	6	4	2	-7.68580581772065
chr6	59828833	60237312	0.125698946588971	67	0.0762979264895999	1.22810175480242	329	0.492912752481662	8	7	1	-6.74637302163783
chr6	60237352	170743606	0.28693510584868	66500	0.0985688244548633	1.27122554538704	3005954	0.480701925556102	7	5	2	-7.43669010182163
chr7	20860	56923921	0.210558301113349	46616	0.106953171000437	0.840831343250887	1458639	0.320568176751807	5	4	1	-6.94548263664735
chr7	56924700	57117226	0.49873113909707	296	0.126692822881467	0.932005137746372	3417	0.405946034155176	6	3	3	-6.74068488065664
chr7	57117818	57487245	0.213921831592459	797	0.111578468216703	0.88954810157668	9970	0.340287907927475	5	4	1	-6.74263418891141
chr7	57487487	57487673	0.487797696755606	16	0.0871294056753134	1.97616047313934	55	0.133551858803609	12	6	6	-6.74478691808485
chr7	57487964	57524441	0.248706833975275	68	0.0992926430949602	0.841968800848753	1266	0.301477096851393	4	3	1	-6.74285437414651
chr7	57580598	58189174	0.385449653347959	686	0.111843355096533	0.91097472315911	14592	0.345591728638642	5	3	2	-6.75285918834149
chr7	58434480	60084644	0.329729318525508	61	0.161937591702969	1.48867407110597	598	1.18491948213718	9	6	3	-6.73453099542239
chr7	60102497	60919403	0.498535912697249	67	0.143585106988475	1.13804159024551	690	0.673441466246374	6	3	3	-6.74294690815495
chr7	60920498	60951500	0.498683619546511	184	0.122690099588127	0.949354222383518	1284	0.303445022031907	6	3	3	-6.73458255682095
chr7	60951699	61037251	0.498728380970685	278	0.109573451552348	1.04415195927326	3014	0.341750794155793	6	3	3	-6.73314990852051
chr7	61037299	61042693	0.340740083694157	13	0.111442925486662	0.969536017155697	180	0.30451519528409	6	4	2	-6.73544006033413
chr7	61044224	61044440	0.0392533362928071	18	0.0173073900873005	1.23423463003731	24	0.118943713091773	20	19	1	-6.98395939768416
chr7	61046472	61049371	0.498566431959931	142	0.0997546275403438	1.09432644815645	235	0.209140095359975	6	3	3	-6.73328012883942
chr7	61050243	63642348	0.443751835251467	1639	0.122049750504244	1.00860551544984	41447	0.411800272865439	6	3	3	-6.86363894802276
chr7	63642665	65779194	0.21713321094507	2421	0.114296077505435	1.00568956417257	50355	0.433389607251047	6	5	1	-6.84821417339297
chr7	65781013	65823264	0.138687334488127	563	0.0825391744655475	0.847866321609408	1688	0.293120248719424	7	6	1	-6.77183593265567
chr7	65824108	66972693	0.209944847452333	949	0.10911794826837	0.928719115192417	29555	0.393062506681277	5	4	1	-6.76117694415237
chr7	66973737	66975679	0.46133618048449	59	0.0494810414786256	1.01372926055063	120	0.323562814547629	13	7	6	-6.74001063064615
chr7	66976105	100929196	0.218598552015386	17891	0.108914123289797	1.00175434457633	839362	0.420226953896411	6	5	1	-6.97663487462746
chr7	100956464	101001512	0.452842998159719	325	0.0811375322849983	0.961777217316974	1533	0.322392053715768	9	5	4	-6.79786999909004
chr7	101015214	142449277	0.214395588326839	18212	0.108499785532818	1.00472112488168	1038634	0.418365270836092	6	5	1	-6.95913210369851
chr7	142449718	142506584	0.496238479039811	699	0.124533939287348	1.04453715731721	2429	0.379809562780225	6	3	3	-6.73359994649858
chr7	142507076	142508507	0.0901739853650801	41	0.105169717657675	1.14312480137642	105	0.517841284359934	11	10	1	-6.73396444084085
chr7	142508982	142524602	0.498896528379603	255	0.111654940703678	1.05885228707962	733	0.415074016573761	6	3	3	-6.73311822921907
chr7	142524622	152190626	0.212323066018877	5898	0.108985967048161	1.01094977626038	235458	0.422668485738154	6	5	1	-6.84849402508464
chr7	152190917	152414210	0.363266581190756	196	0.108560133401275	1.01125404146042	6224	0.406064009652439	6	4	2	-6.77705171903629
chr7	152415704	159335108	0.220137666260234	5958	0.11332844544921	0.990151292141828	178336	0.42425562701472	6	5	1	-6.90201591798409
chr8	61759	45187816	0.324434210417961	40892	0.102675205441256	0.93900311686128	1140793	0.345290353666301	6	4	2	-8.34320506644838
chr8	45206662	145074901	0.321955822564133	69841	0.100456493847185	0.893569341490149	2628345	0.314914011622416	5	3	2	-7.75274778122338
chr9	10452	141846	0.312094772802459	144	0.133715384311432	1.20275104569675	3006	0.475424622632264	7	5	2	-6.75522475477234
chr9	177632	28188814	0.484402211369972	25454	0.0660124291592029	1.15582099059343	811264	0.37714159918888	7	4	3	-7.33851652186245
chr9	28189309	28189485	0.109544888614438	11	0.0854064081053321	1.89478355261542	33	1.00344727783473	18	16	2	-6.73338473900046
chr9	28189493	38789780	0.49894444898737	10115	0.0693680984963122	1.11949281116969	307142	0.367305307592961	6	3	3	-7.01476280480536
chr9	38789890	39494487	0.435221965564647	846	0.1058185582673	1.12125734044835	11533	0.416616540794341	7	4	3	-6.74819215975808
chr9	39495218	39500087	0.0991461965621405	16	0.10340011283037	0.96474257735877	106	0.293338743466812	10	9	1	-6.74454916828251
chr9	39502250	42999853	0.347783155761209	4866	0.112774502945088	1.15849938357044	61890	0.489790613848918	6	4	2	-6.85252746328309
chr9	43000153	43533001	0.498814160929273	701	0.112019112153555	1.22255037641002	8681	0.512788469191773	8	4	4	-6.750450850753
chr9	43542198	60524709	0.498571457247396	286	0.141468297916605	1.30497312463255	3509	1.18111126929013	8	4	4	-6.7546289642132
chr9	60526119	63364421	0.348694110742358	1255	0.120378263516413	1.17286804259426	24303	0.478663336499291	6	4	2	-6.85731055469947
chr9	63365603	63365867	0.112090031622738	17	0.0648113779045188	0.471448680216676	28	0.0658011675488638	9	8	1	-6.78439798074729
chr9	63368085	63760445	0.494135971563137	388	0.106796117654891	1.22806489927632	7126	0.507994001906545	8	4	4	-6.74690841881952
chr9	63760520	63777550	0.298673281167965	175	0.123271870363796	1.10465688902329	740	0.349262993004116	7	5	2	-6.73968524283303
chr9	63777968	68397134	0.426372896198599	3284	0.119029535952463	1.16329700904872	55883	0.467332691206567	7	4	3	-6.74981463411415
chr9	68397242	86149776	0.488417194315981	11983	0.0678641867254783	1.13731738273665	506385	0.370348593940795	6	3	3	-7.37952098997529
chr9	86157470	86174199	0.124296056540231	9	0.113597364014801	1.18130937948165	458	0.392172575224091	8	7	1	-6.73470263009737
chr9	86212219	108247933	0.498951070974545	15850	0.0710717713634425	1.11824272306613	627156	0.368858076163778	6	3	3	-7.27303973320632
chr9	108247990	108248175	0.13461492146959	9	0.0866354110306198	3.64787526938831	28	1.57903774319819	15	13	2	-6.7330847482557
chr9	108249164	129423826	0.498950166823846	14871	0.0700350031464715	1.0873827260882	601865	0.357802118733491	6	3	3	-6.97184900658441
chr9	129424600	129433809	0.33448279409981	247	0.0788594889579961	1.16067569934344	527	0.333936533892366	6	4	2	-6.73372154260854
chr9	129433863	129435183	0.342410648940523	81	0.0761959280043523	0.791900873207101	116	0.16634799149032	6	4	2	-6.74255931466569
chr9	129435445	129436544	0.284850719368553	58	0.100678424652766	1.19792834817308	94	0.297853333200811	7	5	2	-6.73315976289269
chr9	129436590	129439436	0.323928793966284	104	0.0740298644902522	0.784638899394127	181	0.27307952371752	6	4	2	-6.74562631654176
chr9	129439685	129446133	0.193176685069342	89	0.101713507659747	1.13565082001082	290	0.326551232917352	5	4	1	-6.73951230916337
chr9	129451019	134751164	0.498922385112381	4172	0.077814024593692	1.03533312942735	150188	0.3508357648406	6	3	3	-6.733169795793
chr9	134760304	134852493	0.473805660130164	45	0.151145367849042	1.10277548066557	2581	0.657099363913241	6	3	3	-6.75152287701664
chr9	134852555	138281424	0.498908024055196	2823	0.0935129020238167	1.0761908734553	96683	0.392423886414748	6	3	3	-6.75408156107113
chr10	10374	1529235	0.498867575440259	1093	0.096568037042782	1.15745547908347	43008	0.427539038217409	6	3	3	-6.79553990177534
chr10	1529942	1592965	0.45312147184648	53	0.132453368303854	1.19060681311792	1797	0.966359207896219	9	5	4	-6.73834307127557
chr10	1599188	26569931	0.498954713190528	22945	0.0710029709037502	1.10094986408239	716392	0.365724879251165	6	3	3	-7.14079718201052
chr10	26570904	26579784	0.221591285875277	100	0.0973060235659757	1.12661534175071	378	0.365772044646237	9	7	2	-6.73717563915942
chr10	26579854	26622039	0.456108527920671	63	0.0699577921173288	1.16746682110117	1371	0.356406429205843	9	5	4	-6.76525503471325
chr10	26624464	26641989	0.203411226528155	196	0.0993097485864901	1.21310637993555	757	0.438824888246525	5	4	1	-6.73967150816565
chr10	26642520	26651335	0.499172439943195	46	0.09214633394717	1.07581070843391	373	0.296805814248819	6	3	3	-6.73317101028365
chr10	26651427	26651876	0.213739555405002	25	0.0661475623133612	0.759483016002406	46	0.160668452693182	14	11	3	-6.74702694253659
chr10	26651898	27331856	0.458644546190497	1016	0.0739683577438728	1.05498305552937	19955	0.351762198079529	7	4	3	-6.88782334868651
chr10	27332702	27332828	0.158258584149966	13	0.0214030311776099	0.86392251965092	15	0.119568151516793	19	16	3	-6.74237460505961
chr10	27333170	28362128	0.499162769631478	538	0.0646689524266451	1.0782206856855	29140	0.342840186487845	6	3	3	-6.74219440589716
chr10	28362269	30337293	0.338742881831049	1384	0.0812584395126669	1.06059557010692	64323	0.274480512951778	6	4	2	-6.7450527639688
chr10	30337873	37125267	0.492539412765671	5419	0.0695834042428545	1.07985021617461	193804	0.357830657578006	6	3	3	-6.79838071907913
chr10	37145962	37147983	0.247069584808735	28	0.102977112575007	1.42960041032054	104	0.265631559445434	8	6	2	-6.73377006636469
chr10	37152272	38888796	0.496668487681205	2183	0.104174100123757	1.12338509157731	49333	0.387554066328801	6	3	3	-6.78061082727335
chr10	38889381	38898285	0.038358227885667	9	0.0570754860786232	1.40706503170977	122	0.721566462779863	20	19	1	-6.76804434132407
chr10	38898286	38901693	0.318830648173777	50	0.127186228557552	0.932498396289385	147	0.305875709679094	6	4	2	-6.7416671862293
chr10	38901709	38904828	0.456786308245588	65	0.157689161436718	1.14329325070384	123	0.401833524643464	11	6	5	-6.73608967163432
chr10	38905164	38905956	0.426276953476315	43	0.101002362833232	1.68118408238316	69	0.408256703319892	7	4	3	-6.73371170963545
chr10	38912045	38968798	0.496289770183153	590	0.114654480056944	1.14020643980704	2882	0.28941021890873	6	3	3	-6.73751784165009
chr10	38968960	39568133	0.498991881534384	747	0.0742484995405735	1.14270632834388	17077	0.393089069727079	6	3	3	-6.75615981669729
chr10	39568218	39691731	0.268381252492926	64	0.114780716356112	1.1681020774416	286	0.486702106086159	7	5	2	-6.74798817800643
chr10	39845044	41701749	0.466895780105497	546	0.144758723814637	1.26097824544414	4760	0.970381279276036	8	4	4	-6.77353742851255
chr10	41704946	42102504	0.400417631219376	1561	0.102479722533826	1.16351937436148	23444	0.350674598697665	7	4	3	-6.78113698288009
chr10	42103112	42104301	0.298254983061645	13	0.128102072682845	1.88442853570183	83	0.411833058552088	10	7	3	-6.73323282979761
chr10	42104355	42172281	0.496481900995136	386	0.108120771912193	1.11287191139069	2748	0.370016644555217	6	3	3	-6.73525970831437
chr10	42172451	42286107	0.2982433703574	246	0.128723896434153	1.15620497094122	3224	0.389447880812488	7	5	2	-6.73896695938721
chr10	42286202	45678921	0.48388664030221	3419	0.0695228007461041	1.14050982172694	98482	0.375487306780833	6	3	3	-6.89992891728632
chr10	45679155	49810164	0.498914712341802	2603	0.0837741085629907	1.13311305003835	101784	0.402953977893858	6	3	3	-6.85756104813889
chr10	49828828	50759499	0.476574890020211	570	0.0906535063601949	1.12791776063239	25277	0.395060135938783	6	3	3	-6.7995614347791
chr10	50760272	50760731	0.164411161859169	10	0.0748569005206304	1.52807537397173	25	0.329630308072544	12	10	2	-6.73410845985461
chr10	50760744	79872629	0.482234829006549	21101	0.0698526217960476	1.12143006651141	828690	0.376366846377406	6	3	3	-7.48576306305683
chr10	79873283	82537643	0.498907862323465	1569	0.0685287389238486	1.11636527469736	74257	0.374339958192674	6	3	3	-6.79893766134621
chr10	82540687	133786710	0.329993480387302	30868	0.102887843272388	1.10672261314731	1342788	0.434322249665814	6	4	2	-7.40033803065019
chr11	70643	53372725	0.328620278717498	39822	0.102846136795067	0.980242097574306	1339797	0.365421343875503	6	4	2	-7.35607375553511
chr11	53408771	54922909	0.454473761658277	559	0.136072997320428	1.0625694863216	12493	0.461888980391406	6	3	3	-6.8025434515044
chr11	54926123	54963774	0.0438281299893957	14	0.0980782374400186	1.05495899247227	986	0.350280367726865	6	6	0	-6.84192104989017
chr11	54963815	56698411	0.498833619872795	227	0.0965799365544814	1.04354379082752	42470	0.388944739771706	6	3	3	-6.73366004228526
chr11	56698466	56701719	0.499302762886164	180	0.0428058465959184	1.03115142851233	276	0.215686866760018	6	3	3	-6.73318929964809
chr11	56701735	56702141	0.337682026408948	34	0.0530631077551492	1.01879793153091	46	0.255371881904866	6	4	2	-6.73608892909612
chr11	56702142	56703379	0.482770727629254	102	0.0280240488010157	1.10219852743181	136	0.274928149754137	19	10	9	-6.80665102669468
chr11	56703403	56707148	0.499146855360563	278	0.0715457684971302	0.968143403807985	396	0.207683605737333	6	3	3	-6.73334274494964
chr11	56707520	56707737	0.49251292877711	23	0.0331901337785366	1.44441946948209	28	0.121817730744787	8	4	4	-6.76342702108748
chr11	56707745	98274384	0.32257770413513	25180	0.10176761326582	0.996614035266478	1086288	0.374111974778312	6	4	2	-6.97657584234639
chr11	98275086	135074712	0.49892842189921	21800	0.0938397568742924	0.961388863609944	889608	0.444373344992356	6	3	3	-7.27819856155889
chr12	10700	57145	0.339585851485854	206	0.0960329749389939	1.07927578017166	1300	0.44700638440499	6	4	2	-6.73539024850704
chr12	57318	2719598	0.447561145558154	1951	0.0825305530725511	1.11131490023472	74893	0.387342299213844	7	4	3	-6.83447213007729
chr12	2720652	2720916	0.296111406836058	9	0.147699018277035	2.57293097791913	33	1.64668710517465	17	12	5	-6.73311485145567
chr12	2721111	2773084	0.311076899889831	159	0.103481864585373	1.09692890980286	1550	0.382542568890943	6	4	2	-6.76279183894986
chr12	2773378	9283043	0.48591389205289	5602	0.0819217632160008	1.07079922299027	179945	0.371560332525031	6	3	3	-6.78452359498943
chr12	9283172	9448028	0.437702091971645	205	0.120135100499691	1.13261298090845	4218	0.409345975699093	7	4	3	-6.73867283938437
chr12	9452687	11069057	0.494331510175305	2078	0.0932550049257599	1.08752417073098	44820	0.401343475355355	6	3	3	-6.75035888509992
chr12	11069061	11069218	0.128230866583986	25	0.0973939252041249	0.845215210477745	28	0.209065706362186	8	7	1	-6.73387511127228
chr12	11069224	11078419	0.487847387617223	349	0.101178462301709	1.11057833584641	604	0.328925876226943	6	3	3	-6.74193127075683
chr12	11078453	11080045	0.369595073054623	60	0.085737048732877	0.93103110184991	113	0.437111490672722	8	5	3	-6.73646721345512
chr12	11080097	11080232	0.0510395260919752	9	0.0277057956231383	1.72919048301778	12	0.382444727636517	20	19	1	-6.73355951256473
chr12	11080923	11088430	0.389148878705802	192	0.0887185875879182	1.0252963863295	399	0.4119958834928	5	3	2	-6.74346116367816
chr12	11088464	11092279	0.13043838543559	18	0.0242371184033237	1.19887424010491	122	0.312700223351894	8	7	1	-6.75403878942575
chr12	11098294	20149403	0.498919307478514	6540	0.0774360951189233	1.08329931636624	250124	0.37413739746196	6	3	3	-6.81508355412292
chr12	20156045	20156231	-0.00319841251747544	9	0	0.817737172472377	19	0.157465637205661	0	0	0	-Inf
chr12	20156894	34775031	0.498930028879657	10945	0.0776666701823859	1.10305733037768	403206	0.381457133029185	6	3	3	-6.97287783953963
chr12	34775552	35475214	0.493078072874373	221	0.1471694639904	1.1089965826333	3264	0.957694025572129	6	3	3	-6.7365805126352
chr12	35509742	37260613	0.342979852791851	568	0.13066385050246	1.21350692356116	6984	0.863383106918706	6	4	2	-6.77169260377453
chr12	37260619	51489408	0.498926284439392	10108	0.0790766535900356	1.07416741080503	394350	0.380490216618435	6	3	3	-6.81626537588551
chr12	51498787	51498843	0.00623793126507177	14	0.0192462355388679	1.6779237480577	15	0.147711333672261	2	2	0	-6.73933223171685
chr12	51533328	56550853	0.461439694692224	2731	0.0841986433669365	1.02589532657353	137726	0.358818773924117	6	3	3	-6.85786469349473
chr12	56558236	56558292	0.0852122313706104	10	0.00565685424949238	0.965258063719297	11	0.0907062190911857	12	11	1	-6.76132508297521
chr12	56570946	59543290	0.487739533996318	1630	0.0801464767965737	1.07103708294433	82037	0.370714365939373	6	3	3	-6.76279156970215
chr12	59543410	59543496	0.0929800200646993	12	0.0207999125872289	0.788253424731905	17	0.0476057646039785	11	10	1	-6.75288126896325
chr12	59556052	132240922	0.498953369433324	48781	0.0800476663389734	1.07695564713837	1998979	0.379510240179842	6	3	3	-7.19059041269352
chr12	132240982	132241779	0.209115776999469	12	0.14129133881538	3.07084017272199	155	1.99341118174491	19	15	4	-6.73311889615649
chr12	132243232	133264810	0.494374741808878	1331	0.0938674780783836	1.13670462152477	29751	0.437541748912835	6	3	3	-6.76357698972642
chr13	16000272	16119385	0.405838655869311	310	0.133345888593545	1.29809331089305	1895	0.690966023011478	10	6	4	-6.74600966722346
chr13	16119727	16165679	0.488304078248883	341	0.126298322332123	1.60945437479146	3623	0.557771889681447	10	5	5	-6.73857247254465
chr13	16165683	16227189	0.145228894486286	147	0.140345077070437	4.15540451750991	721	3.21614350257825	20	17	3	-6.73395700258398
chr13	16229019	17692853	0.498758573554139	2842	0.149492785326618	1.41992354680771	29689	1.03492444247343	8	4	4	-6.7338100509462
chr13	17704349	18173051	0.351345031163168	361	0.135150852301451	1.38826125869679	5220	1.00327580565224	9	6	3	-6.74661267546376
chr13	18173200	18759403	0.498859325394604	819	0.097610329776914	1.46473547536524	15770	0.634640985154047	8	4	4	-6.73636913863045
chr13	18759639	18759964	0.135453449403748	9	0.0979055667467382	0.874041260571762	15	0.250961199808902	15	13	2	-6.73682225047904
chr13	18759971	18767661	0.49879780969129	37	0.133075838072427	1.8187863588887	296	0.730227763055325	10	5	5	-6.73310481477302
chr13	18778808	18786999	0.0166973446951244	18	0.0232333994428969	2.0458876528157	205	1.3189103196491	1	1	0	-6.80094819219796
chr13	18787130	20529140	0.498866922066766	557	0.0843753301828433	1.49909519023308	49583	0.568670157021964	8	4	4	-6.75600802005655
chr13	20534354	20534556	0.0980998050570758	18	0.0334480379369264	1.24912077622985	23	0.124091210238671	10	9	1	-6.73776587972643
chr13	20537374	22962246	0.498908816495165	2057	0.0766590300056623	1.46620326029853	69593	0.548279550668432	8	4	4	-6.75175448959659
chr13	22962262	22963867	0.177448535859017	36	0.112654084955419	1.54098094376214	120	0.409152388775743	11	9	2	-6.73443323232265
chr13	22964037	22966500	0.348810057756241	87	0.0854838642386684	1.5599502217678	156	0.274693832423567	17	11	6	-6.74227447034277
chr13	22966587	22966815	0.339804147984462	27	0.0591815979715109	3.13316745520376	35	0.753921448998836	3	2	1	-6.73871799785499
chr13	22966828	24388601	0.498907678957968	1765	0.0677647666515546	1.4773071046756	41469	0.55043711690724	8	4	4	-6.74680885152208
chr13	24388767	24389811	0.152001729559044	62	0.0820341227966404	1.89488388727904	99	0.636067459332812	13	11	2	-6.73357799705811
chr13	24389937	34540730	0.473511317398545	7856	0.0717676147511424	1.44858281161479	289657	0.532470086936197	8	4	4	-6.86690789058943
chr13	34541065	34541329	0.0119551147250074	11	0.0316586911806652	1.76008936755083	20	0.294994000831061	1	1	0	-6.74522460996932
chr13	34541455	45377848	0.498940801101937	8027	0.0736382683703687	1.4423609273884	309008	0.529290229121733	8	4	4	-6.7812352917203
chr13	45377854	45377983	0.149401781753747	9	0.103643352147856	1.41744551485329	12	0.415362154868459	20	17	3	-6.73343283350769
chr13	45393843	63028715	0.488409064939379	11406	0.0730598962686693	1.46272846931214	495569	0.546906029743842	8	4	4	-6.87168255991809
chr13	63028737	63061634	0.437701023408047	326	0.10273647894351	1.45374960461612	1350	0.49205733418104	9	5	4	-6.73604307378766
chr13	63061641	104238707	0.498959232428132	29334	0.0696932287894966	1.45953848467379	1172189	0.53719569389985	8	4	4	-7.00399574923757
chr13	104238743	104244937	0.0180133305551349	9	0.0226629898978734	1.81529517239512	193	1.05492196655297	1	1	0	-6.82713388338957
chr13	104245414	106776404	0.470883511133609	2310	0.0705301490677742	1.48465915101606	72520	0.537229410995833	9	5	4	-6.82507748173743
chr13	106776799	106784197	0.255420479046029	87	0.109745243378774	1.44825578285021	275	0.523288819347291	8	6	2	-6.73421304404439
chr13	106784232	112149270	0.494669330125805	5316	0.0744261647621163	1.43508791212936	149201	0.531114854565827	8	4	4	-6.75489822783341
chr13	112149294	112149508	0.144393026591966	11	0.111586574624207	5.19852700567297	20	5.80864513507781	7	6	1	-6.73305028810706
chr13	112152490	113346241	0.473835538281482	1188	0.112138415593974	1.41198963174179	34719	0.558566753349348	8	4	4	-6.76688535196643
chr13	113347063	113347712	0.184666440267341	18	0.122089876355481	3.52870487808135	86	1.68945660085009	11	9	2	-6.73328909573992
chr13	113347738	114353373	0.49885457590626	863	0.111215481917161	1.48460503966763	28563	0.590201043905362	8	4	4	-6.74270911339084
chr14	16024678	16037638	0.491657170822894	20	0.175660887417834	1.20613924461397	142	0.450508215444068	8	4	4	-6.73506208094413
chr14	16076711	16076977	0.239876890493636	19	0.105552985502723	0.547621912594941	24	0.105294540301914	4	3	1	-6.74077061172675
chr14	16077630	16077821	0.141296830405272	14	0.0657206876957993	1.30600871354487	18	0.0907957558537058	7	6	1	-6.73404803827815
chr14	16096726	16115387	0.494163699033251	473	0.109088582312652	1.24428341486543	1264	0.219349830787796	8	4	4	-6.73716780384165
chr14	16115833	16137963	0.204716981328818	55	0.147900851765167	1.06227077463338	725	0.25160472403664	5	4	1	-6.7424562261401
chr14	16138002	16140287	0.4991771248032	49	0.0654153396893012	1.21313333757398	174	0.165850837198135	8	4	4	-6.73393323320909
chr14	16140441	16403718	0.165368602939995	15	0.0827240392308467	1.02096449951551	138	0.220652458056503	6	5	1	-6.73408929546558
chr14	18224769	18348138	0.393211997093934	121	0.131728860019297	1.12231857751726	2284	0.440644525786034	8	5	3	-6.76009184006242
chr14	18350550	35937679	0.126135841629003	10947	0.100498093885316	1.10319869421037	422504	0.490279154516751	6	5	1	-7.01150327473346
chr14	35948097	35948571	0.385433043823619	23	0.117776216419743	2.3427555222753	55	0.798296131648346	13	8	5	-6.73304831792945
chr14	35950062	72503879	0.129426868592848	23086	0.0974254503695581	0.976717134631594	918079	0.430908532634301	6	5	1	-7.18931586053322
chr14	72504254	72881993	0.24334589071171	362	0.0612038385848202	1.80840366073851	14584	0.45441281102036	12	9	3	-6.76031911403762
chr14	72882612	74320299	0.498861108417333	637	0.0794856195517765	1.35690795501005	46470	0.415352234523512	8	4	4	-6.73433445836088
chr14	74322862	74781966	0.320394707322282	364	0.0643616275124818	1.65249717117737	18568	0.400978607923103	9	6	3	-6.76564124429046
chr14	74783852	76303573	0.46747967663437	773	0.0716757665219227	1.31488420523451	48695	0.399957269546792	8	4	4	-6.86654556053974
chr14	76305893	77105540	0.0966340772039728	470	0.0772272203033189	1.00832868504923	22097	0.334354588789064	7	6	1	-7.08425367787724
chr14	77122820	77136134	0.494307278208006	11	0.0727150103298674	1.2975389999339	406	0.452882287420471	8	4	4	-6.73684562875426
chr14	77155913	78476912	0.0991344158764974	874	0.0728616416832904	1.0104400375126	36301	0.344554609019703	7	6	1	-7.15347976619859
chr14	78482517	78786831	0.499206832034039	220	0.0646625270422284	1.51152222038283	10306	0.423213819215074	8	4	4	-6.7418363397967
chr14	78895396	82015927	0.0975499436492915	1816	0.0755190207247942	1.03720129160208	85054	0.36508353274075	6	5	1	-7.21181413630548
chr14	82028756	82379021	0.499333299930664	250	0.0596151056300088	1.31511603201717	10760	0.382552104659441	8	4	4	-6.73622926820714
chr14	82383010	82558352	0.100115931507749	107	0.0640851603447029	1.0072592491969	4825	0.347487033742755	9	8	1	-6.9110610367968
chr14	82566330	82924980	0.399362345517045	354	0.0621458830951725	1.56759105322348	12781	0.413588986441257	10	6	4	-6.74415954033846
chr14	82964282	94360508	0.0950514305768972	4835	0.0757868822068108	1.09331904983724	307945	0.392301482492444	7	6	1	-7.37276709957129
chr14	94378644	94380244	0.418834782227112	88	0.0755159326680758	1.46365828490654	134	0.253074350469722	12	7	5	-6.73523843197389
chr14	94380312	99927981	0.0962529228432674	2480	0.0735373333612095	1.10866393111213	149407	0.399953632525969	7	6	1	-7.11894966861586
chr14	99927990	99928088	0.49377568980827	11	0.116153738248456	2.48362799692584	36	0.510307329591611	14	7	7	-6.73475236937676
chr14	99930078	103882667	0.0991677959601689	1674	0.0818604793097032	1.05913132975659	107624	0.382659962859475	6	5	1	-7.1365837803448
chr14	103896562	103896910	0.472292746471702	15	0.112558471577263	1.5745872616557	37	0.148249748694519	17	9	8	-6.7368000275159
chr14	103896985	105580636	0.100470323492621	1200	0.0896036530193807	1.10213620659874	46092	0.417940825063191	7	6	1	-6.91732461231606
chr14	105581232	105797975	0.467965976615535	353	0.149254245996051	1.3217766674153	6411	0.64288449993298	9	5	4	-6.75569287283341
chr14	105823447	106263193	0.109257900542391	354	0.071702013405014	1.27541702663049	12366	0.442387693570752	8	7	1	-6.7733977302905
chr14	106263247	106369427	0.35610279949409	503	0.105114482307562	1.35394752026713	3812	0.418299123879437	8	5	3	-6.75311882988864
chr14	106371804	106832265	0.110093386907274	372	0.0810292877384979	1.27023973990833	11462	0.4572240483309	8	7	1	-6.76464214546784
chr15	17024642	18911412	0.391886446140536	358	0.127331043714877	1.06900363241735	3444	0.554713290118507	7	4	3	-6.83608519025672
chr15	19043576	23039993	0.498837039232672	2805	0.114469158653522	0.905662025070122	46258	0.388249533254026	6	3	3	-7.00139016278715
chr15	23040567	23050500	0.376096524013672	117	0.145865770044298	1.23272850625115	633	0.767403921328927	8	5	3	-6.73317243302714
chr15	23050823	101980992	0.498937642323865	52741	0.0956661748983207	0.805217165135781	1942170	0.318386447703892	5	3	2	-8.9644616926996
chr16	16640	33071501	0.320043790089347	25685	0.106584491099941	1.01744317172246	821439	0.39883757593287	6	4	2	-6.77667899070024
chr16	33071575	34213146	0.417441544556747	1022	0.105814841465326	1.1916319049629	17423	0.462707138690807	7	4	3	-6.74037466458591
chr16	34213160	34236514	0.417105058528145	42	0.0794299997155985	1.28897983131444	769	0.43686102047018	7	4	3	-6.74628179369922
chr16	34243057	36787992	0.498774743910877	999	0.10863530226144	0.919836359042229	47658	0.326837599748961	6	3	3	-6.92360414353605
chr16	36901615	90151480	0.343715200456579	37130	0.103429867534066	0.905971198710328	1162700	0.336086577189825	5	3	2	-7.52395227068205
chr17	72480	357171	0.493902584819532	489	0.116552239769095	1.09887681797728	7181	0.386188878551887	6	3	3	-6.73886739866411
chr17	357317	21298051	0.498935315503889	16901	0.0822061474637313	0.966951496675243	575160	0.334885672046212	6	3	3	-7.2025470760175
chr17	21298056	21305037	0.499652325276717	132	0.0325859661284806	1.08951883843222	375	0.248259696900583	6	3	3	-6.73328176151324
chr17	21305548	21306555	0.498200090462015	12	0.160566869861032	1.02071749560424	42	0.242318806907728	6	3	3	-6.73310691949241
chr17	21306853	21674970	0.498844694633247	1419	0.098769259953152	1.05015964361988	11939	0.315788752171313	6	3	3	-6.73362367248371
chr17	21675095	21677227	0.499538158806466	47	0.0425015317784579	1.31858407380521	137	0.346600202859988	8	4	4	-6.73312120819284
chr17	21677249	21686032	0.423349983862819	68	0.131849409937209	0.908991630371527	282	0.291574458391593	7	4	3	-6.7390004266888
chr17	21686665	21883742	0.496547041820961	1281	0.112822240181563	1.0368691854636	7530	0.297004486852175	6	3	3	-6.73359983525171
chr17	21887070	21894416	0.357355627338163	15	0.144366332970115	2.17920605250278	36	0.738789440437252	14	9	5	-6.73311073169737
chr17	21894895	21896578	0.276327108001034	91	0.101373691837801	0.952836298200407	120	0.323580513102047	11	8	3	-6.73816514264423
chr17	21904529	21935620	0.261810903897921	81	0.127134519746256	1.68279799377038	184	0.603207397607483	11	8	3	-6.73850615815421
chr17	21969236	21981409	0.472586592015569	74	0.11897333555205	1.22309770312594	617	0.423791728009518	13	7	6	-6.75293012779544
chr17	21983291	21985486	0.100910814995845	14	0.161027691973827	1.74070134439515	89	0.823159583835147	10	9	1	-6.73303021375301
chr17	21986813	23191648	0.276285594820045	1045	0.0934001485373362	1.05971993239012	22381	0.406737699901124	7	5	2	-6.81225829046216
chr17	23411982	25074734	0.395049675248691	35	0.163130910981478	1.40203117351246	388	1.58612084540775	8	5	3	-6.74191714361545
chr17	25101189	26341964	0.492362520281086	52	0.143046865507509	1.67552942243927	805	2.08225548612905	10	5	5	-6.7348656541437
chr17	26460154	26788395	0.498710630687359	460	0.125819781681369	0.891759612524351	6809	0.380640867973939	6	3	3	-6.76283881953997
chr17	26788401	26795503	0.282680626860706	104	0.0932209701292829	0.996160366790854	425	0.331294636713614	7	5	2	-6.7353694083855
chr17	26795572	26810361	0.334338712497465	149	0.10800771633357	1.10416110346268	794	0.344319612217601	6	4	2	-6.73335954405372
chr17	26810508	26811597	0.0650210708163689	17	0.0286642583347686	1.22662264324101	69	0.398660009902312	16	15	1	-6.73854483168156
chr17	26811870	26825526	0.412202705562179	389	0.0795463693541587	0.983936714999208	997	0.238232653054331	5	3	2	-6.74870813556061
chr17	26830247	27008338	0.415121856905321	666	0.111569504609773	1.20071210994129	6635	0.350146217029172	7	4	3	-6.7420216617775
chr17	27008494	31925382	0.498910382086361	2767	0.0764273335889999	0.968174709934916	136749	0.328967326371456	6	3	3	-6.84989377736392
chr17	31962140	32169795	0.227437983138823	24	0.131609924023416	0.968802694531614	5751	0.316918398370881	5	4	1	-6.77347754373162
chr17	32179807	83243083	0.498951364850828	31278	0.0800901949347031	0.954227241278469	1394926	0.325836401387155	6	3	3	-8.1892658983371
chr18	10659	15410736	0.300539783236504	14064	0.101784034579607	0.956340768504266	410992	0.347724812127731	6	4	2	-7.23295158110482
chr18	15467190	18493534	0.324358609574827	424	0.13970339022235	1.12970684491086	4684	0.869286713925934	6	4	2	-6.75446577034539
chr18	18518962	80261792	0.333799091197086	45253	0.101220811324148	0.98823650167644	1571838	0.369329711085015	6	4	2	-7.24988751116945
chr19	75041	24321183	0.315469728540682	16424	0.109363033321938	0.994983093545845	632656	0.411295224283438	6	4	2	-6.876558550972
chr19	24321387	24368969	0.491072020946531	216	0.0832062430107801	1.03605159368073	1700	0.300826940985923	6	3	3	-6.73993056578584
chr19	24369012	24436058	0.330594728481437	281	0.0732618452296034	1.0510255386282	2556	0.210139875110961	6	4	2	-6.73447927888445
chr19	24436636	24894523	0.21895539053819	18	0.0998976764075821	1.02620845579255	307	0.367831031177314	5	4	1	-6.81261330792591
chr19	24895982	24896714	0.403751929336179	18	0.0665275018073881	1.60539022357952	90	0.134408822108797	10	6	4	-6.73485663445156
chr19	24896809	24908226	0.39717468010176	113	0.0763276081183077	0.984006217241846	278	0.167897377083409	5	3	2	-6.73832006407709
chr19	27241144	58607513	0.302193924160494	26358	0.107040905506743	0.929660850699297	830993	0.358650806293968	5	3	2	-7.92666603239599
chr20	60601	26369242	0.498926938946479	19798	0.0870847894456957	1.03247417188254	721795	0.353287080803372	6	3	3	-6.73352215888491
chr20	26369689	26517003	0.489567529366874	94	0.147493380918532	1.20179204597159	936	0.631848658966954	8	4	4	-6.74016849982725
chr20	26523618	28045573	0.290440454155881	159	0.126453271929553	1.12924527154752	1291	0.636529904922159	7	5	2	-6.7434237344323
chr20	28105847	28318793	0.198206752286445	38	0.119939968388647	1.98684106604243	201	2.04304324217648	10	8	2	-6.73389829297388
chr20	28336941	28554477	0.329833092554248	147	0.119123099880628	0.861435783278916	1101	0.579144321541538	6	4	2	-6.74671522481442
chr20	28555790	28730416	0.433284521970066	852	0.0930641967666782	1.00604010657418	4119	0.271740825728873	7	4	3	-6.78076174298733
chr20	28730417	28772592	0.456643629386012	249	0.10443900825427	1.05763812497607	1476	0.328711138143128	9	5	4	-6.7750289965277
chr20	28772736	28773516	0.386478681145756	36	0.135491802598639	0.76262309597563	68	0.136770396475492	5	3	2	-6.73973832926865
chr20	28773570	29257603	0.339229814513849	2625	0.101086732027433	1.00527280225813	13934	0.277107653413987	6	4	2	-6.73776806643564
chr20	29257688	29291415	0.498893654486914	559	0.0783335499583849	0.923136813293973	1709	0.27783541164604	6	3	3	-6.73653754762115
chr20	29291477	29291875	0.201324395780534	17	0.0383862912110714	1.20452040439035	29	0.237316919323179	5	4	1	-6.73350826365825
chr20	29291908	29870723	0.409712810901246	2845	0.10217096724182	0.953499768264127	20547	0.288910431199749	5	3	2	-6.77957139365597
chr20	29870788	29878403	0.285595983031136	176	0.0991946872268166	1.20085066684552	548	0.288531736309528	7	5	2	-6.73306371428563
chr20	29878445	29888466	0.35693609912481	252	0.097954936534487	0.946326599035481	661	0.22195943620781	6	4	2	-6.7670161823437
chr20	29888547	30021160	0.326353230671239	176	0.126124242883187	1.03131319822833	1463	0.445637657211891	6	4	2	-6.73517634944967
chr20	30025838	30149050	0.155894796979367	33	0.162727276959539	0.864904151376709	487	0.282794882089362	6	5	1	-6.76566445171206
chr20	30152036	30944269	0.412485359751797	2644	0.0955080737708948	0.966872144965915	23959	0.289724770017967	5	3	2	-6.81560367808187
chr20	30945758	64331538	0.438733094634417	21245	0.0902215340837606	0.853899054640079	917965	0.284401548932656	5	3	2	-6.8642367085374
chr21	5030521	5306192	0.471439918021814	504	0.112782322704772	1.12843293842638	4499	0.513681041931131	6	3	3	-6.77601155847004
chr21	5306638	5306908	0.499012574751769	19	0.107738013403644	0.511122806210721	25	0.0858386665009812	4	2	2	-6.73507270066339
chr21	5306958	7235147	0.49873687130209	637	0.127707148100169	1.12979982425076	4879	0.527217445941545	6	3	3	-6.76536697010651
chr21	7235287	7261814	0.494096632602945	549	0.0964595769327804	1.19668773218277	2113	0.288589103947204	8	4	4	-6.739074530199
chr21	7262514	7285094	0.199964394244493	45	0.122234527847003	1.28682715383223	654	0.467334860464634	10	8	2	-6.7382960944469
chr21	7285181	8812292	0.294234714594264	1253	0.111521895961523	1.11883340008689	11309	0.491176910553941	7	5	2	-6.7573997821414
chr21	8813025	8819690	0.498524936868144	31	0.14876092532391	0.737650303697191	110	0.227313093262664	4	2	2	-6.73342341231208
chr21	8823605	9811969	0.364022746224619	1838	0.118044310062823	1.18472035549398	15961	0.55123552839466	8	5	3	-6.78273100683513
chr21	9812106	9814190	0.0146206723096935	12	0.0270727135356214	0.715830967734286	50	0.244099497946963	1	1	0	-6.79247239676617
chr21	9814639	9823921	0.258915328190834	64	0.153609513665307	1.41947492162894	448	0.649069380992112	8	6	2	-6.7347865558275
chr21	9824203	9837321	0.120473794018268	33	0.15365738772682	0.655274622969064	182	0.792167171521549	8	7	1	-6.74071158611998
chr21	9837327	10064895	0.212555528576212	637	0.109909630053206	1.13941775934513	8681	0.275207365528614	6	5	1	-6.84780517690103
chr21	10069664	10564338	0.386733895814342	1747	0.0960917212377989	1.26476805430931	15662	0.316994864242241	8	5	3	-6.76310287763831
chr21	10564985	10814535	0.405391309743734	1570	0.10957298126759	1.14290185719805	14396	0.223617893501103	7	4	3	-6.76890348507214
chr21	12966046	12977762	0.270446607078437	44	0.0799645104949015	1.41721404359785	474	0.284500913360949	11	8	3	-6.74099013346134
chr21	12977805	12990236	0.203226936691519	62	0.1219670526204	1.46956960044205	712	0.318364393126478	10	8	2	-6.73514938328792
chr21	12991153	13344560	0.498982799476077	143	0.0793544102546853	1.27998015242682	6821	0.463021480491598	8	4	4	-6.73850127807964
chr21	13356534	13439493	0.270073768552328	40	0.111628616747334	1.20407488737386	2353	0.398956479907929	7	5	2	-6.74572965134542
chr21	13460470	13870942	0.461671182757077	300	0.0751052810669606	1.21019917417099	6295	0.495145252146063	9	5	4	-6.82479583781559
chr21	13871239	13900742	0.313364255624531	186	0.0954865289762153	1.24066420196195	1256	0.333845703831777	10	7	3	-6.76105890890461
chr21	13900749	15030905	0.465201350826772	1121	0.0689837367802602	1.18114959186895	32745	0.401050094612672	7	4	3	-6.89765658597773
chr21	15030925	15031098	0.165531413345143	10	0.0819542555331936	1.45691787853787	24	0.421940185248497	12	10	2	-6.73335747753315
chr21	15031123	46699658	0.49895350963172	24862	0.0741584083774944	1.09734550689841	883287	0.37039378268214	6	3	3	-7.18241600273852
chr22	10557962	10726270	0.284822037644923	455	0.123882582293364	1.35180869371811	3797	0.635107077771298	7	5	2	-6.73637250036833
chr22	10726447	11027421	0.498800716992163	1086	0.109717630595053	1.19988731390009	6218	0.278904755463858	8	4	4	-6.77721362552133
chr22	11027817	11121087	0.410812965756619	520	0.0974639121190765	1.34426481047599	2893	0.377755368055768	7	4	3	-6.75795165594679
chr22	11128706	11152832	0.234781593582989	46	0.137829187852772	1.17713639488808	151	0.651868181395683	9	7	2	-6.74010214680808
chr22	11237494	11257918	0.0786413036962564	15	0.142738121847569	0.401575952648907	34	0.121795436459032	2	2	0	-6.90614304681618
chr22	11261412	11290118	0.165001925559417	31	0.119567760965762	1.08958839272566	404	0.393702986323998	6	5	1	-6.73365597714108
chr22	11290561	12224004	0.491340825735611	1959	0.139743559301496	1.30853272554745	20587	0.658434750977624	8	4	4	-6.73878039051504
chr22	12224357	12369453	0.265629461307537	609	0.134722173966428	0.937424351536623	1968	0.34584992738038	7	5	2	-6.79304191965397
chr22	12369568	12370689	0.207955584119446	30	0.0567009598734864	0.294976744071035	39	0.0920808774350233	5	4	1	-6.83147618078353
chr22	12370700	12374041	0.221634225006133	50	0.102404806966255	0.934662988088561	120	0.265762555798265	9	7	2	-6.74036159482431
chr22	12374094	12436677	0.169824999147325	195	0.137873270623109	1.17164791899173	2369	0.313612812377867	6	5	1	-6.73908930433114
chr22	12489169	12692320	0.498760023284687	905	0.125138402506741	1.20173638749203	6049	0.36423467712112	8	4	4	-6.75023735515258
chr22	12692396	12693914	0.111475107773284	62	0.151186105506257	0.689940824322456	113	0.201498171496191	9	8	1	-6.74769089571194
chr22	12693933	12710535	0.386954946349278	192	0.150324471268998	1.01476451500343	738	0.312886036215006	5	3	2	-6.74051524363327
chr22	12710554	12717777	0.0374321216622766	34	0.0994345555518285	0.641618893725546	129	0.422760783411033	3	3	0	-6.8038196687253
chr22	12718419	12900852	0.48270144019382	165	0.177218263337362	0.929229281944366	713	0.446754131705298	6	3	3	-6.74502977716572
chr22	15158909	15892678	0.498594586770362	232	0.150900429172868	1.29446470537584	10647	0.673591829000262	8	4	4	-6.73686789058267
chr22	15896335	16260938	0.498865278493983	840	0.0895524900290398	1.28479771385514	9250	0.521819430838203	8	4	4	-6.73705799107355
chr22	16262054	16527718	0.496249029030428	883	0.12934430797496	1.21967954311209	4826	0.424548663087652	8	4	4	-6.74666703209223
chr22	16527771	16879510	0.498869359591302	474	0.0899237690695464	1.26337036058595	10582	0.463978172468411	8	4	4	-6.74050148286985
chr22	16879536	16879870	0.0465759993944418	9	0.102439955312585	1.41231819097628	21	0.554928094870129	20	19	1	-6.734405075069
chr22	16880582	16895086	0.260222124528515	43	0.123641347146707	1.14989296533935	473	0.450253211627955	8	6	2	-6.73804361648947
chr22	16895482	17863112	0.498888846240995	1004	0.0737673838699449	1.21800761018124	28487	0.418325797668679	8	4	4	-6.78323749987577
chr22	17876797	17877529	0.23952102915015	25	0.0889320901962091	1.59011705422967	112	0.453114914834734	17	13	4	-6.73498475149149
chr22	17925036	18170226	0.472689141640425	180	0.0783588523748255	1.13933293268714	6872	0.422656851007616	6	3	3	-6.81273609270029
chr22	18172743	18942156	0.420067158740948	192	0.130991306909353	1.16444953372212	5676	0.570242869716744	7	4	3	-6.73743598168706
chr22	18942709	19906997	0.498888111556213	651	0.0684973668043376	1.12077845423258	27173	0.38332011873919	6	3	3	-6.758461140845
chr22	19907116	19907925	0.198433171807695	10	0.159384371184184	2.54496425492912	52	1.7376582502236	15	12	3	-6.73312144623213
chr22	19907945	20335250	0.499024888259453	376	0.0700191333526843	1.12623071558694	12077	0.38794868098421	6	3	3	-6.74546817988699
chr22	20336219	20359386	0.213908310744743	24	0.0966796499277119	1.22275683886835	613	0.510951699959225	9	7	2	-6.74113979490306
chr22	20359570	21083483	0.498976932660472	881	0.0773274067861076	1.10909877769945	20711	0.385462792668982	6	3	3	-6.74734682885798
chr22	21083596	21381885	0.338645200975968	104	0.121525537305236	1.09123351588506	3458	0.549895216046045	6	4	2	-6.73564522694637
chr22	21400654	23427599	0.461358805877194	1704	0.0788760578093307	1.14963565872672	54186	0.394744548289582	7	4	3	-6.85160367947723
chr22	23428372	23431879	0.122502900124245	34	0.060698988471193	0.901069765233313	132	0.496360292373408	8	7	1	-6.73649858309671
chr22	23435318	28532680	0.470842631738761	3972	0.0792282477951837	1.16575470754511	143750	0.401667774033247	7	4	3	-6.91946169009271
chr22	28537301	28553483	0.368010902532453	11	0.165209839020232	1.10226991699312	478	0.40044674117727	8	5	3	-6.73721734550174
chr22	28553739	37533096	0.498927625413909	5125	0.0758769036139905	1.14614571405296	252694	0.393086393046549	6	3	3	-7.07983240526151
chr22	37566305	50807831	0.250492685789322	9140	0.0979859379967067	1.11066563647651	374375	0.395282349478045	7	5	2	-7.13940658210115
chrX	29938	9302312	0.496720881620548	4078	0.112448146002347	1.22718531841381	219949	0.61561536045074	8	4	4	-6.92439155195038
chrX	9388915	9414345	0.392035486678719	97	0.111091665000782	1.17112245841416	810	0.43366227962296	5	3	2	-6.74401231473702
chrX	9486611	48671502	0.0166443567923935	525	0.150939561545505	1.18136284522176	916229	0.61517595898046	7	7	0	-6.76572238320106
chrX	48672742	60986088	0.495297515188075	205	0.176836511888445	1.17850604692486	212582	0.604064039873907	7	4	3	-6.82759619018406
chrX	61067377	62514947	0.493769288973706	111	0.10564836286747	1.19956977239934	1017	0.639422034212995	8	4	4	-6.77565975141608
chrX	62514955	119162182	0.0153540811058102	977	0.150942517250559	1.21368432577816	1301237	0.628756165698383	7	7	0	-6.74148112015102
chrX	119457109	120463994	0.00772008967929422	59	0.128320354519406	1.16248747681687	22090	0.559546754186135	7	7	0	-6.7370858684614
chrX	120492799	136756536	0.039364767409645	173	0.131755604254953	1.19478925553342	374593	0.60700208620424	7	7	0	-6.7846966609426
chrX	136873837	136880695	0.404185562557129	15	0.0392828570389535	1.24784080775919	198	0.504130415568376	5	3	2	-6.74079700871765
chrX	136905115	140764424	0.0146311913983914	56	0.118366499681089	1.2252375336245	90924	0.645555492830259	7	7	0	-6.741847076961
chrX	140996092	141906127	0.0109807511882696	57	0.158397300757362	1.24118346799477	17452	0.665996279796182	7	7	0	-6.73621688119776
chrX	141912933	155672893	0.0108463435171008	169	0.166321298615249	1.22277502615555	303525	0.63405477416668	7	7	0	-6.73880747528522
chrX	155702927	156029560	0.498868698372595	376	0.0835864393969729	1.36661654864939	9649	0.475941735502669	8	4	4	-6.73319843488782
chrY	2785817	3831119	0.217506515673931	71	0.158963097599381	1.31928517742635	23357	0.743438077241303	8	6	2	-6.76111391485648
chrY	3844332	3854650	0.499269547203309	143	0.0641976519869247	1.21199578696703	418	0.42061716595911	8	4	4	-6.73368347447696
chrY	3859427	6535237	0.346651140535384	152	0.160623628751438	1.33571855280129	54682	0.804167864044894	8	5	3	-6.75447861163334
chrY	6535545	8978069	0.0553677034639242	56	0.128050573410076	1.36343863006642	55990	0.749155559861327	8	8	0	-6.83858412279848
chrY	9108589	10244495	0.498702842367696	431	0.140525202899223	1.3689136708834	19473	0.768887997917814	8	4	4	-6.73313053033501
chrY	10624833	10660007	0.331233405165505	99	0.127934838179587	1.68540238942718	820	0.844618524847144	9	6	3	-6.73346227721812
chrY	10660054	10692334	0.343826490590099	391	0.115166546922566	1.52119771035555	1980	0.713763730370492	9	6	3	-6.73767214909544
chrY	10692390	10765725	0.261595247946629	156	0.129107491074095	1.39444486970553	1542	0.647898744790317	8	6	2	-6.73736968248494
chrY	10768576	10776089	0.0993424995894352	30	0.161411122834558	1.84354308463913	476	1.9884209492631	10	9	1	-6.73308442368035
chrY	10776107	10921522	0.414419566674886	317	0.145232134318536	1.44589614312881	5762	0.747435448224112	10	6	4	-6.74352606317068
chrY	10921665	10921838	0.476448415272209	11	0.0617025121044516	3.38623365911479	15	0.884225084466619	19	10	9	-6.7342095956125
chrY	10921891	11103335	0.476915698867967	471	0.147061094005841	1.44726642923373	7524	0.631170716980811	8	4	4	-6.74843590836259
chrY	11103456	11167443	0.498734885006846	328	0.122692147949631	1.31215265466257	2096	0.561567453616956	8	4	4	-6.73338476996645
chrY	11167530	11281801	0.498516921506571	170	0.151336188590262	1.38544506083623	3195	0.684905150371849	8	4	4	-6.73309166994312
chrY	11281887	11300134	0.498737175159781	399	0.114156298811898	1.19216676446708	2026	0.303489032793561	6	3	3	-6.73550011154526
chrY	11300172	11305175	0.134527137217881	47	0.0948932356886594	1.32326384827283	492	0.662320246759549	15	13	2	-6.73611359445091
chrY	11305197	11325734	0.306013834785228	328	0.0943917983246423	1.39021507520423	2555	0.431700026456389	10	7	3	-6.73816857323289
chrY	11325828	11331179	0.281846468266693	127	0.136230023939557	2.09772906883848	1242	0.560494676835127	14	10	4	-6.73378899226348
chrY	11332067	11428213	0.371482033468832	728	0.135823270541069	1.16233357824523	3425	0.717384284894664	8	5	3	-6.73675103380917
chrY	11431143	11748018	0.341334716599641	689	0.129212504865993	1.38148971159566	10287	0.636588739184415	9	6	3	-6.74131004744498
chrY	11748220	11748323	0.0376670781286218	35	0.0175817418664597	1.1897446878612	40	0.273397399074155	20	19	1	-7.03564111772519
chrY	11748362	12321891	0.486336447395207	80	0.146545227822227	1.37124791583222	13520	0.75910244417388	8	4	4	-6.73825527668443
chrY	12336599	20014929	0.00630136504930157	77	0.102550611014995	1.32652761553424	140753	0.746492803831043	8	8	0	-6.74640506722721
chrY	20062976	20348415	0.498687947333843	395	0.140741469561238	1.23120201878636	4148	0.678538371652496	8	4	4	-6.73779364246428
chrY	20348945	22344896	0.0503377857156883	43	0.110215313284462	1.31181305956159	34110	0.73255503622539	8	8	0	-6.85509483018177
chrY	22815010	56738602	0.31435563707768	692	0.129099902057899	1.40526351536808	16612	0.830910030393741	8	5	3	-6.87526212258779
chrY	56742459	56771421	0.474957173761327	54	0.126907672355085	1.58799383513308	1118	1.1889203138115	17	9	8	-6.7383085449394
chrY	56822319	56823765	0.432956053385868	14	0.118785174085058	0.960643756058598	71	0.18884164743732	7	4	3	-6.73503188897029
chrY	56823830	56887228	0.351411166917468	986	0.0957482808960563	1.2081416520659	5840	0.216263452371261	6	4	2	-6.77261126592307
