chromosome	position	GC.percent	good.reads	adjusted.ratio	F	mutation	CNn	CNt	Mt	LPP
chr1	791638	42	40	0.843346090756644	0.1	A>T	2	5	1	-13.6648379608806
chr1	2748619	62	41	0.843346090756644	0.122	C>T	2	5	1	-12.3418581537043
chr1	30784890	52	40	0.848196734178735	0.375	G>T	2	5	2	-10.59239631533
chr1	48382914	73	52	0.848196734178735	0.115	C>T	2	5	1	-12.3418581537043
chr1	89212661	31	44	0.848196734178735	0.136	G>C	2	5	1	-11.385284217948
chr1	122605584	39	41	1.12075729414999	0.122	T>A	2	6	1	-10.9192990724003
chr1	122637375	40	80	1.12075729414999	0.113	C>G	2	6	1	-11.3095586163824
chr1	122729374	40	50	1.12075729414999	0.14	G>T	2	6	1	-10.4070011782684
chr1	123288889	40	52	1.12075729414999	0.135	A>T	2	6	1	-10.4070011782684
chr1	123310544	39	47	1.12075729414999	0.149	C>T	2	6	1	-10.2741742590791
chr1	123310582	39	47	1.12075729414999	0.106	T>G	2	6	1	-11.3095586163824
chr1	123339971	39	43	1.12075729414999	0.256	A>G	2	6	2	-11.6074761627924
chr1	123355558	39	76	1.12075729414999	0.145	T>A	2	6	1	-10.4070011782684
chr1	123389021	39	40	1.12075729414999	0.15	C>A	2	6	1	-10.2741742590791
chr1	123542715	39	53	1.08306686652815	0.151	G>C	2	6	1	-10.2624422793997
chr1	123628230	39	49	1.08306686652815	0.102	G>T	2	6	1	-11.7862708582728
chr1	123640419	39	40	1.08306686652815	0.125	T>C	2	6	1	-10.9075670927209
chr1	123640420	39	40	1.08306686652815	0.125	A>G	2	6	1	-10.9075670927209
chr1	123640422	39	44	1.08306686652815	0.114	T>A	2	6	1	-11.297826636703
chr1	123755370	39	50	1.08306686652815	0.18	A>T	2	6	1	-10.3067179683478
chr1	123801343	39	53	1.08306686652815	0.132	T>C	2	6	1	-10.6086498116663
chr1	123801355	39	47	1.08306686652815	0.191	G>T	2	6	1	-10.457907876212
chr1	123850974	39	61	1.08306686652815	0.23	G>A	2	6	1	-11.6759474921221
chr1	123994855	39	52	1.08306686652815	0.269	T>G	2	6	2	-11.2857009305031
chr1	123994998	39	40	1.08306686652815	0.1	T>C	2	6	1	-11.7862708582728
chr1	124026642	40	77	1.08306686652815	0.221	G>A	2	6	1	-11.2836919269205
chr1	124196893	40	62	1.08306686652815	0.145	G>C	2	6	1	-10.395269198589
chr1	124275354	39	46	1.08306686652815	0.109	G>C	2	6	1	-11.297826636703
chr1	124275356	39	44	1.08306686652815	0.114	G>T	2	6	1	-11.297826636703
chr1	124342480	40	47	1.08306686652815	0.106	T>A	2	6	1	-11.297826636703
chr1	124342517	40	45	1.08306686652815	0.111	A>C	2	6	1	-11.297826636703
chr1	124342591	40	45	1.08306686652815	0.133	C>G	2	6	1	-10.6086498116663
chr1	124364080	39	50	1.08306686652815	0.14	G>T	2	6	1	-10.395269198589
chr1	124399838	39	45	1.08306686652815	0.111	G>A	2	6	1	-11.297826636703
chr1	124416705	39	47	1.08306686652815	0.17	A>T	2	6	1	-10.2217166422862
chr1	124612360	38	161	1.08306686652815	0.106	A>T	2	6	1	-11.297826636703
chr1	124646750	38	59	1.08306686652815	0.119	G>A	2	6	1	-10.9075670927209
chr1	124705803	40	51	1.08306686652815	0.137	G>C	2	6	1	-10.395269198589
chr1	124737028	40	43	1.08306686652815	0.14	T>A	2	6	1	-10.395269198589
chr1	124902942	42	62	1.08306686652815	0.129	C>T	2	6	1	-10.6086498116663
chr1	124912004	41	48	1.08306686652815	0.125	C>A	2	6	1	-10.9075670927209
chr1	125069146	35	41	1.08306686652815	0.122	C>A	2	6	1	-10.9075670927209
chr1	125105113	36	40	1.08306686652815	0.125	T>G	2	6	1	-10.9075670927209
chr1	143207951	36	47	0.839481111835817	0.17	C>T	2	5	1	-10.5453175992086
chr1	143207967	36	48	0.839481111835817	0.167	G>C	2	5	1	-10.5453175992086
chr1	143207983	36	44	0.839481111835817	0.182	G>T	2	5	1	-10.408180904458
chr1	143304351	32	63	0.839481111835817	0.111	A>G	2	5	1	-12.9542557184985
chr1	143304366	32	64	0.839481111835817	0.172	A>G	2	5	1	-10.5453175992086
chr1	224013720	42	46	0.864591093292673	0.109	G>A	2	5	1	-12.9542557184985
chr1	224013793	42	89	0.864591093292673	0.112	T>G	2	5	1	-12.9542557184985
chr1	224014743	41	59	0.864591093292673	0.102	G>T	2	5	1	-13.6648379608806
chr1	246072143	46	49	0.864591093292673	0.102	G>A	2	5	1	-13.6648379608806
chr2	87430678	65	44	1.10621799709337	0.114	C>G	2	6	1	-11.3095586163824
chr2	89670963	32	42	1.07766382468815	0.143	G>A	2	6	1	-10.395269198589
chr2	89670964	32	42	1.07766382468815	0.167	G>T	2	6	1	-10.2217166422862
chr2	89670971	32	42	1.07766382468815	0.167	G>A	2	6	1	-10.2217166422862
chr2	89670974	32	42	1.07766382468815	0.167	T>A	2	6	1	-10.2217166422862
chr2	89813407	39	40	1.07766382468815	0.175	C>T	2	6	1	-10.3067179683478
chr2	89822526	38	40	1.07766382468815	0.175	T>C	2	6	1	-10.3067179683478
chr2	89828044	41	61	1.07766382468815	0.131	A>G	2	6	1	-10.6086498116663
chr2	89832344	40	41	1.07766382468815	0.146	G>T	2	6	1	-10.2624422793997
chr2	89836276	41	66	1.07766382468815	0.106	G>A	2	6	1	-11.297826636703
chr2	89840324	39	44	1.07766382468815	0.205	T>C	2	6	1	-10.6726611710556
chr2	89840365	39	40	1.07766382468815	0.2	C>G	2	6	1	-10.6726611710556
chr2	90393691	37	68	1.03574652265505	0.103	A>G	2	6	1	-11.8142063607669
chr2	91411326	36	45	1.03574652265505	0.156	T>A	2	6	1	-10.2337854236053
chr2	91411344	36	45	1.03574652265505	0.133	G>A	2	6	1	-10.6365853141603
chr2	92912052	38	61	1.03574652265505	0.115	G>T	2	6	1	-10.935502595215
chr2	92912053	38	61	1.03574652265505	0.115	G>T	2	6	1	-10.935502595215
chr2	93379528	39	43	1.03574652265505	0.14	T>A	2	6	1	-10.423204701083
chr2	94230154	49	50	1.05098620495976	0.1	T>A	2	6	1	-11.8142063607669
chr2	94289021	30	60	1.05098620495976	0.1	A>T	2	6	1	-11.8142063607669
chr2	94289046	28	57	1.05098620495976	0.105	C>T	2	6	1	-11.8142063607669
chr2	97168247	40	46	1.05098620495976	0.174	G>C	2	6	1	-10.2496521447802
chr2	113588381	57	40	1.05098620495976	0.1	C>T	2	6	1	-11.8142063607669
chr2	113609308	41	41	1.05098620495976	0.39	A>C	2	6	2	-11.2362760465753
chr2	132363809	39	87	1.05098620495976	0.149	A>T	2	6	1	-10.2903777818938
chr3	4178391	39	42	1.17117298634253	0.31	A>G	2	6	2	-10.5980345774853
chr3	5691858	41	41	1.17117298634253	0.488	C>G	2	6	3	-10.5765685031842
chr3	64476452	51	45	1.17117298634253	0.133	A>T	2	6	1	-10.671859313235
chr3	68429796	40	40	1.17117298634253	0.15	A>G	2	6	1	-10.3256517809685
chr3	74326880	29	41	1.17117298634253	0.341	A>G	2	6	2	-10.5228866609731
chr3	75664597	48	67	1.21348277354528	0.194	G>A	2	7	1	-11.1265886257666
chr3	75705996	41	80	1.21348277354528	0.125	G>A	2	7	1	-10.3046933554945
chr3	75853730	44	69	1.21348277354528	0.116	C>T	2	7	1	-10.3046933554945
chr3	75853903	44	64	1.21348277354528	0.109	G>A	2	7	1	-10.5133022585078
chr3	90686443	35	50	1.21348277354528	0.26	T>A	2	7	2	-10.5399133110319
chr3	90686448	35	49	1.21348277354528	0.122	T>G	2	7	1	-10.3046933554945
chr3	90686450	35	46	1.21348277354528	0.217	G>T	2	7	2	-11.4168366226227
chr3	90686452	35	45	1.21348277354528	0.222	C>T	2	7	2	-11.4168366226227
chr3	90686455	35	46	1.21348277354528	0.217	C>T	2	7	2	-11.4168366226227
chr3	90686459	35	45	1.21348277354528	0.333	C>T	2	7	2	-10.9389595531935
chr3	90686469	35	47	1.21348277354528	0.213	T>G	2	7	2	-11.7749190263293
chr3	90875975	36	64	1.21348277354528	0.141	C>A	2	7	1	-10.1556967433
chr3	90875979	36	62	1.21348277354528	0.145	G>A	2	7	1	-10.1556967433
chr3	91177837	39	79	1.14082481059712	0.101	T>G	2	6	1	-11.7980028379522
chr3	91190391	37	102	1.14082481059712	0.118	T>G	2	6	1	-10.9192990724003
chr3	98141548	39	42	1.12276994028907	0.119	A>G	2	6	1	-10.9192990724003
chr3	100475166	37	52	1.12276994028907	0.212	G>T	2	6	1	-10.9603591297466
chr3	100475173	37	51	1.12276994028907	0.216	T>C	2	6	1	-11.2954239065999
chr3	100475211	37	49	1.12276994028907	0.204	G>T	2	6	1	-10.684393150735
chr3	100475214	37	52	1.12276994028907	0.192	G>A	2	6	1	-10.4696398558914
chr3	105663102	41	54	1.12276994028907	0.167	T>C	2	6	1	-10.2334486219655
chr3	106084882	35	40	1.12276994028907	0.175	C>T	2	6	1	-10.3184499480272
chr3	118939701	35	45	1.10938294103753	0.222	A>G	2	6	1	-11.2954239065999
chr3	119195998	41	42	1.10938294103753	0.238	A>G	2	6	1	-12.1353980562578
chr3	120186480	46	43	1.10938294103753	0.279	G>A	2	6	2	-11.0373629537992
chr3	122021593	47	42	1.10938294103753	0.143	C>A	2	6	1	-10.4070011782684
chr3	124017865	42	40	1.10938294103753	0.3	A>G	2	6	2	-10.6628801185703
chr3	127221087	57	53	1.09797110105588	0.226	G>A	2	6	1	-11.6759474921221
chr3	128202740	31	40	1.09797110105588	0.125	T>C	2	6	1	-10.9075670927209
chr3	134925282	48	43	1.10720269957605	0.14	C>T	2	6	1	-10.4070011782684
chr3	141684756	46	51	1.10720269957605	0.196	G>T	2	6	1	-10.684393150735
chr3	143517070	44	40	1.10720269957605	0.325	T>A	2	6	2	-10.4763714283884
chr3	144513148	32	40	1.10720269957605	0.1	T>C	2	6	1	-11.7980028379522
chr3	144648771	33	45	1.10720269957605	0.178	G>A	2	6	1	-10.3184499480272
chr3	145911808	32	56	1.10720269957605	0.232	A>G	2	6	1	-11.6876794718015
chr3	147256164	40	41	1.12049861681807	0.317	G>T	2	6	2	-10.4763714283884
chr3	147850833	41	46	1.12049861681807	0.261	G>A	2	6	2	-11.6074761627924
chr3	147870467	31	41	1.12049861681807	0.195	A>G	2	6	1	-10.684393150735
chr3	158425889	36	41	1.12049861681807	0.171	G>A	2	6	1	-10.2334486219655
chr3	163573960	48	40	1.12049861681807	0.425	A>T	2	6	3	-11.7309472256255
chr3	164420902	37	40	1.12049861681807	0.35	G>A	2	6	2	-10.5352874331366
chr3	165995417	30	42	1.12049861681807	0.357	T>C	2	6	2	-10.642604076287
chr3	166246418	29	50	1.12049861681807	0.34	G>C	2	6	2	-10.4714091390837
chr3	174356238	41	42	1.05693322672228	0.357	G>A	2	6	2	-10.6588075991017
chr3	176812519	39	51	1.05693322672228	0.235	C>T	2	6	1	-12.1516015790725
chr3	186145555	44	40	1.03517338758797	0.275	T>C	2	6	2	-11.0535664766139
chr3	188538415	36	41	1.03517338758797	0.341	A>G	2	6	2	-10.4876126618984
chr3	195494161	42	92	1.08470078448399	0.109	C>T	2	6	1	-11.297826636703
chr3	195494176	42	99	1.08470078448399	0.121	T>A	2	6	1	-10.9075670927209
chr3	195499153	42	60	1.08470078448399	0.117	C>T	2	6	1	-10.9075670927209
chr3	195760508	54	64	1.07411355838823	0.109	C>G	2	6	1	-11.297826636703
chr3	195780318	59	54	1.39960619180518	0.185	G>A	2	8	1	-11.5139793502194
chr3	195786887	58	51	1.10698556835418	0.118	G>C	2	6	1	-10.9192990724003
chr3	195941442	60	43	1.10698556835418	0.233	A>C	2	6	1	-11.6876794718015
chr3	195969502	44	79	1.10698556835418	0.101	T>C	2	6	1	-11.7980028379522
chr3	195969556	44	76	1.10698556835418	0.105	C>A	2	6	1	-11.7980028379522
chr3	196510154	44	42	1.04407978241657	0.19	T>C	2	6	1	-10.4858433787061
chr4	49093422	41	62	1.22732624741552	0.129	T>C	2	7	1	-10.1874267154085
chr4	49095071	42	84	1.22732624741552	0.119	T>A	2	7	1	-10.3046933554945
chr4	49103072	41	50	1.07188028772342	0.14	T>C	2	6	1	-10.395269198589
chr4	49106506	40	83	1.07188028772342	0.133	G>T	2	6	1	-10.6086498116663
chr4	49112838	40	42	1.26156506174598	0.119	C>T	2	7	1	-10.282352454995
chr4	49132669	41	45	1.15452747376528	0.133	C>T	2	6	1	-10.671859313235
chr4	49133019	42	40	1.15452747376528	0.175	G>C	2	6	1	-10.3699274699165
chr4	49134059	40	40	1.15452747376528	0.275	C>T	2	6	2	-11.0888404756886
chr4	49134064	40	40	1.15452747376528	0.275	C>A	2	6	2	-11.0888404756886
chr4	49134067	40	40	1.15452747376528	0.125	T>A	2	6	1	-10.9707765942896
chr4	49137478	41	52	1.15452747376528	0.115	T>A	2	6	1	-10.9707765942896
chr4	49143398	42	46	1.16495961939584	0.174	G>A	2	6	1	-10.2849261438549
chr4	49143524	42	50	1.16495961939584	0.3	C>T	2	6	2	-10.7143576404596
chr4	49144581	43	56	1.16495961939584	0.125	T>C	2	6	1	-10.9707765942896
chr4	49144610	43	47	1.16495961939584	0.128	A>T	2	6	1	-10.671859313235
chr4	49144684	43	59	1.16495961939584	0.102	C>G	2	6	1	-11.8494803598416
chr4	49144693	43	55	1.16495961939584	0.109	C>G	2	6	1	-11.3610361382717
chr4	49145360	39	46	1.16495961939584	0.109	T>C	2	6	1	-11.3610361382717
chr4	49145778	39	84	1.16495961939584	0.107	T>A	2	6	1	-11.3610361382717
chr4	49152453	43	57	1.16495961939584	0.105	A>T	2	6	1	-11.8494803598416
chr4	49296333	42	44	0.932565190378098	0.159	G>T	2	5	1	-10.7022449873551
chr4	49320907	46	47	1.35269773816444	0.191	C>G	2	7	1	-11.1220792577191
chr4	49320946	46	46	1.35269773816444	0.196	A>C	2	7	1	-11.5184831935314
chr4	49321512	53	43	1.35269773816444	0.163	A>C	2	7	1	-10.3250693797122
chr4	49321549	53	46	1.35269773816444	0.109	T>A	2	7	1	-10.5087928904604
chr4	49568833	48	58	1.35269773816444	0.224	G>C	2	7	2	-11.4123272545752
chr4	49633414	39	64	1.50375838648213	0.109	G>C	2	8	1	-10.1300721691444
chr4	49637400	40	50	1.50375838648213	0.1	T>C	2	8	1	-10.2831945712461
chr4	49646282	42	40	1.50375838648213	0.1	G>C	2	8	1	-10.2831945712461
chr4	49647668	43	59	1.50375838648213	0.119	T>A	2	8	1	-10.0751344446304
chr4	49651583	40	55	1.50375838648213	0.109	T>A	2	8	1	-10.1300721691444
chr4	49651617	40	43	1.50375838648213	0.116	G>A	2	8	1	-10.0751344446304
chr4	49652103	41	60	1.50375838648213	0.133	A>C	2	8	1	-10.111538983044
chr4	49652598	41	47	1.50375838648213	0.213	A>C	2	8	2	-10.7180231868873
chr4	49652616	41	46	1.50375838648213	0.152	G>C	2	8	1	-10.4359750897137
chr4	49652620	41	41	1.50375838648213	0.171	A>G	2	8	1	-11.0658930915365
chr4	49654203	40	61	1.50375838648213	0.246	C>T	2	8	2	-10.3486886155775
chr4	49654230	40	60	1.50375838648213	0.2	T>G	2	8	2	-10.9535537474669
chr4	49750555	38	45	1.39157246472652	0.156	A>T	2	8	1	-10.7424676640466
chr4	51107503	27	77	1.34265017717228	0.351	A>C	2	7	2	-11.4624574006383
chr4	185827280	41	48	1.21402049345828	0.125	C>T	2	7	1	-10.3046933554945
chr4	186436033	45	47	1.21402049345828	0.106	A>G	2	7	1	-10.5133022585078
chr4	186436378	45	60	1.21402049345828	0.1	C>T	2	7	1	-10.820095839109
chr4	188506885	41	41	1.21402049345828	0.122	T>G	2	7	1	-10.3046933554945
chr4	188507226	43	45	1.21402049345828	0.178	G>C	2	7	1	-10.7937480769337
chr4	188507563	43	44	1.21402049345828	0.114	G>C	2	7	1	-10.5133022585078
chr4	188508427	41	53	1.21402049345828	0.113	C>T	2	7	1	-10.5133022585078
chr4	189848572	49	45	1.68700379941434	0.289	T>C	2	9	3	-10.8061207612183
chr4	189889529	44	40	1.19793874103922	0.175	G>A	2	7	1	-10.7937480769337
chr4	190177112	48	57	1.19793874103922	0.123	T>G	2	7	1	-10.3046933554945
chr4	190177137	48	52	1.19793874103922	0.135	G>C	2	7	1	-10.1556967433
chr5	628534	58	55	1.08993919491068	0.109	C>T	2	6	1	-11.297826636703
chr5	628683	58	48	1.08993919491068	0.104	C>T	2	6	1	-11.7862708582728
chr5	784522	74	40	1.08993919491068	0.225	G>C	2	6	1	-11.2836919269205
chr5	844479	60	95	1.08993919491068	0.147	C>T	2	6	1	-10.2624422793997
chr5	1284582	65	40	1.08993919491068	0.1	T>G	2	6	1	-11.7862708582728
chr5	1422567	69	46	1.08993919491068	0.109	G>A	2	6	1	-11.297826636703
chr5	1586778	69	48	1.08993919491068	0.146	C>T	2	6	1	-10.2624422793997
chr5	1586791	69	46	1.08993919491068	0.13	G>A	2	6	1	-10.6086498116663
chr5	2315627	36	40	1.08993919491068	0.25	T>G	2	6	2	-11.956950784038
chr5	7167410	35	41	1.08993919491068	0.268	A>G	2	6	2	-11.2857009305031
chr5	10714575	42	40	1.08993919491068	0.3	C>T	2	6	2	-10.6511481388909
chr5	15063528	41	43	1.08993919491068	0.302	G>A	2	6	2	-10.6511481388909
chr5	15100466	38	40	1.08993919491068	0.15	G>A	2	6	1	-10.2624422793997
chr5	28927102	58	41	1.08993919491068	0.293	A>G	2	6	2	-10.8144456596802
chr5	32676064	47	42	1.08993919491068	0.286	G>A	2	6	2	-10.8144456596802
chr5	41489165	40	41	1.08993919491068	0.122	A>G	2	6	1	-10.9075670927209
chr5	46379472	37	48	1.08993919491068	0.104	C>A	2	6	1	-11.7862708582728
chr5	46379487	37	46	1.08993919491068	0.13	G>T	2	6	1	-10.6086498116663
chr5	46379531	37	46	1.08993919491068	0.109	A>T	2	6	1	-11.297826636703
chr5	46379562	37	44	1.08993919491068	0.114	T>C	2	6	1	-11.297826636703
chr5	46379570	37	44	1.08993919491068	0.136	T>G	2	6	1	-10.395269198589
chr5	46689900	38	60	1.08993919491068	0.117	A>G	2	6	1	-10.9075670927209
chr5	47184053	39	56	1.06103161924588	0.107	A>T	2	6	1	-11.3257621391971
chr5	47299375	38	48	1.06103161924588	0.146	C>A	2	6	1	-10.2903777818938
chr5	49592187	36	59	0.987531957394376	0.153	A>G	2	6	1	-10.3579340775625
chr5	49906009	39	47	1.18079723794466	0.106	G>A	2	6	1	-11.3610361382717
chr5	49927595	38	53	1.74351730439735	0.113	A>T	2	10	1	-10.0572692880461
chr5	49955105	38	97	0.930590615624093	0.113	C>T	2	5	1	-12.9049118070078
chr5	49956266	39	51	0.930590615624093	0.157	G>A	2	5	1	-10.7022449873551
chr5	52213738	42	40	0.930590615624093	0.225	A>T	2	5	1	-10.4472588682912
chr5	82871866	42	52	0.930590615624093	0.135	C>T	2	5	1	-11.3359403064572
chr5	82871897	42	49	0.930590615624093	0.143	C>A	2	5	1	-11.3359403064572
chr5	82871907	42	47	0.930590615624093	0.149	T>C	2	5	1	-10.9809753664558
chr5	82871910	42	47	0.930590615624093	0.149	A>G	2	5	1	-10.9809753664558
chr5	82871921	42	48	0.930590615624093	0.146	G>T	2	5	1	-10.9809753664558
chr5	89531218	28	41	0.930590615624093	0.171	A>G	2	5	1	-10.4959736877178
chr5	98551673	39	41	0.930590615624093	0.146	A>C	2	5	1	-10.9809753664558
chr5	111188653	29	41	0.930590615624093	0.439	A>G	2	5	2	-10.851799661132
chr5	113466903	43	61	0.930590615624093	0.148	G>T	2	5	1	-10.9809753664558
chr5	113466935	43	58	0.930590615624093	0.155	T>C	2	5	1	-10.7022449873551
chr5	120141713	36	47	0.930590615624093	0.298	C>T	2	5	2	-12.5085396894733
chr5	124548395	39	40	0.930590615624093	0.2	A>C	2	5	1	-10.2805041540507
chr5	126579654	45	40	0.930590615624093	0.1	T>A	2	5	1	-13.6154940493899
chr5	128207224	38	43	0.930590615624093	0.116	C>T	2	5	1	-12.2925142422135
chr5	135711516	48	42	0.930590615624093	0.286	A>T	2	5	1	-12.7525152139384
chr5	142596819	39	45	0.930590615624093	0.267	A>T	2	5	1	-11.8374761236415
chr5	148948330	40	44	0.930590615624093	0.136	C>T	2	5	1	-11.3359403064572
chr5	151248892	47	46	0.930590615624093	0.304	A>C	2	5	2	-12.5085396894733
chr5	152528390	45	41	0.930590615624093	0.122	A>T	2	5	1	-12.2925142422135
chr5	158549721	43	42	0.930590615624093	0.119	C>T	2	5	1	-12.2925142422135
chr5	163442742	33	47	0.930590615624093	0.34	G>A	2	5	2	-11.1730349824118
chr5	164526976	43	42	0.930590615624093	0.119	G>A	2	5	1	-12.2925142422135
chr5	164570170	32	44	0.930590615624093	0.227	A>G	2	5	1	-10.6173764126806
chr5	168828976	46	41	0.930590615624093	0.415	C>T	2	5	2	-10.5855511045089
chr5	171599887	53	42	0.930590615624093	0.19	A>T	2	5	1	-10.2878888800193
chr6	325777	60	42	0.972782086115369	0.167	G>A	2	5	1	-10.5308419852509
chr6	834363	42	40	0.972782086115369	0.1	T>A	2	5	1	-13.6503623469229
chr6	16240445	45	41	0.972782086115369	0.317	G>A	2	5	2	-11.784882433037
chr6	22707750	43	41	0.972782086115369	0.39	A>G	2	5	2	-10.526524505153
chr6	26916599	26	47	0.972782086115369	0.383	C>T	2	5	2	-10.5779207013723
chr6	32484138	61	50	0.926052871043423	0.12	A>G	2	5	1	-12.2925142422135
chr6	32484151	61	48	0.926052871043423	0.104	C>T	2	5	1	-13.6154940493899
chr6	32484155	61	48	0.926052871043423	0.125	G>A	2	5	1	-12.2925142422135
chr6	32485286	36	42	0.926052871043423	0.214	T>C	2	5	1	-10.3343321122501
chr6	32485288	36	40	0.926052871043423	0.225	T>C	2	5	1	-10.4472588682912
chr6	32485303	36	44	0.926052871043423	0.159	C>A	2	5	1	-10.7022449873551
chr6	79367468	42	46	1.16364658719069	0.457	C>T	2	6	3	-10.8537849673895
chr6	96983399	37	54	1.16364658719069	0.13	C>T	2	6	1	-10.671859313235
chr6	97382539	50	40	1.16364658719069	0.125	C>T	2	6	1	-10.9707765942896
chr6	105376086	42	46	1.16364658719069	0.348	G>A	2	6	2	-10.586764955026
chr6	160857438	42	42	1.16364658719069	0.119	C>T	2	6	1	-10.9707765942896
chr6	167387136	52	47	1.16364658719069	0.17	T>G	2	6	1	-10.2849261438549
chr6	169891395	55	43	1.16364658719069	0.186	T>C	2	6	1	-10.5211173777807
chr6	170495721	55	40	1.16364658719069	0.15	G>A	2	6	1	-10.3256517809685
chr6	170495751	55	55	1.16364658719069	0.145	C>G	2	6	1	-10.4584787001577
chr6	170495755	55	57	1.16364658719069	0.123	G>C	2	6	1	-10.9707765942896
chr6	170495921	55	67	1.16364658719069	0.104	G>A	2	6	1	-11.8494803598416
chr7	58067437	35	57	0.867885538221564	0.175	A>G	2	5	1	-10.408180904458
chr7	58067567	35	41	0.867885538221564	0.268	G>C	2	5	1	-11.8868200351322
chr7	58067592	35	45	0.867885538221564	0.156	G>A	2	5	1	-10.7515888988458
chr7	58085416	30	43	0.867885538221564	0.163	T>A	2	5	1	-10.7515888988458
chr7	62342979	35	48	0.706519521414774	0.104	T>A	2	4	1	-17.1517620482164
chr7	62342981	35	49	0.706519521414774	0.102	T>G	2	4	1	-17.1517620482164
chr7	62342984	35	46	0.706519521414774	0.109	C>T	2	4	1	-16.1551713739406
chr7	62343001	35	50	0.706519521414774	0.1	A>T	2	4	1	-17.1517620482164
chr7	62343015	36	40	0.706519521414774	0.125	A>G	2	4	1	-15.2567653772526
chr7	62454691	35	41	1.015	0.341	A>G	2	6	2	-10.5551689575671
chr7	62454747	35	51	0.844128796219849	0.118	T>G	2	5	1	-12.3418581537043
chr7	152280025	44	42	0.826057404800774	0.238	C>T	2	5	1	-10.976700958555
chr7	152377207	42	93	0.826057404800774	0.14	C>T	2	5	1	-11.4696842886875
chr8	323649	49	49	1.30012671954925	0.204	T>A	2	7	1	-11.5184831935314
chr8	2086497	58	44	1.22296722915429	0.114	C>A	2	7	1	-10.5133022585078
chr8	2086505	58	44	1.22296722915429	0.136	G>A	2	7	1	-10.1556967433
chr8	2086513	58	43	1.22296722915429	0.163	T>C	2	7	1	-10.3295787477597
chr8	2086515	58	44	1.22296722915429	0.114	C>T	2	7	1	-10.5133022585078
chr8	3324480	47	42	1.21293229120359	0.262	C>T	2	7	2	-10.5399133110319
chr8	4016102	40	40	1.21293229120359	0.3	T>A	2	7	2	-10.4838693500586
chr8	4484842	46	49	1.21293229120359	0.204	A>G	2	7	1	-11.5229925615789
chr8	4484859	46	46	1.21293229120359	0.217	A>G	2	7	2	-11.4168366226227
chr8	12212664	51	41	1.17766637083433	0.171	T>C	2	6	1	-10.2849261438549
chr8	12525130	40	74	1.17766637083433	0.149	G>A	2	6	1	-10.3256517809685
chr8	12527930	45	42	1.17766637083433	0.167	G>A	2	6	1	-10.2849261438549
chr8	13270334	41	41	1.18153579744608	0.244	A>G	2	6	1	-12.1868755781471
chr8	33049493	32	45	1.18153579744608	0.156	C>G	2	6	1	-10.26905942268
chr8	33349666	42	44	1.18153579744608	0.182	C>A	2	6	1	-10.3699274699165
chr8	47159275	42	40	1.14905013392874	0.1	A>G	2	6	1	-11.7980028379522
chr8	54956801	40	41	1.14905013392874	0.317	T>A	2	6	2	-10.4763714283884
chr8	103534245	30	40	1.13017879488188	0.2	T>G	2	6	1	-10.684393150735
chr8	108592603	38	40	1.13017879488188	0.125	A>T	2	6	1	-10.9192990724003
chr8	111168693	30	43	1.13017879488188	0.186	A>T	2	6	1	-10.4696398558914
chr8	115634386	33	40	1.13017879488188	0.15	T>A	2	6	1	-10.2741742590791
chr8	124752333	44	40	1.13017879488188	0.475	C>T	2	6	3	-10.5778029671776
chr8	141820628	49	41	1.12864443440574	0.366	C>T	2	6	2	-10.7928238801615
chr8	143072575	59	46	1.86819465172436	0.239	G>A	2	10	2	-10.7897956667079
chr8	143072577	59	43	1.86819465172436	0.186	C>T	2	10	2	-10.2473061933887
chr8	143072599	59	44	1.86819465172436	0.227	G>C	2	10	2	-10.5667308276611
chr8	143072602	59	41	1.86819465172436	0.22	G>A	2	10	2	-10.3991290078689
chr8	143072687	59	44	1.86819465172436	0.114	G>T	2	10	1	-10.0512962563013
chr8	143287630	50	40	1.09896335224348	0.2	A>C	2	6	1	-10.6726611710556
chr8	144598585	52	42	1.09896335224348	0.238	G>T	2	6	1	-12.1236660765784
chr9	41991	51	65	1.07568652017213	0.185	C>T	2	6	1	-10.3067179683478
chr9	59237	44	54	1.07568652017213	0.167	A>G	2	6	1	-10.2217166422862
chr9	106203	45	54	1.07568652017213	0.167	T>C	2	6	1	-10.2217166422862
chr9	2895331	38	52	1.07982985644596	0.115	C>A	2	6	1	-10.9075670927209
chr9	2895340	38	49	1.07982985644596	0.102	C>T	2	6	1	-11.7862708582728
chr9	2895345	38	45	1.07982985644596	0.111	C>G	2	6	1	-11.297826636703
chr9	5962082	37	47	1.07982985644596	0.17	T>G	2	6	1	-10.2217166422862
chr9	15411587	41	40	1.07982985644596	0.1	C>T	2	6	1	-11.7862708582728
chr9	19746153	34	40	1.07982985644596	0.1	C>A	2	6	1	-11.7862708582728
chr9	21596537	40	41	1.07982985644596	0.293	A>G	2	6	2	-10.8144456596802
chr9	26104211	32	41	1.07982985644596	0.171	G>A	2	6	1	-10.2217166422862
chr9	26104272	32	41	1.07982985644596	0.122	C>G	2	6	1	-10.9075670927209
chr9	36689494	44	40	1.04765948181306	0.225	G>A	2	6	1	-11.3116274294146
chr9	38991412	37	44	1.04677729318633	0.114	G>C	2	6	1	-11.3257621391971
chr9	39028376	46	89	1.04677729318633	0.112	C>A	2	6	1	-11.3257621391971
chr9	39028577	46	64	1.04677729318633	0.156	G>T	2	6	1	-10.2337854236053
chr9	39122315	41	46	1.04677729318633	0.109	A>C	2	6	1	-11.3257621391971
chr9	39532803	38	50	1.04677729318633	0.1	T>A	2	6	1	-11.8142063607669
chr9	39571725	39	45	1.04677729318633	0.2	G>A	2	6	1	-10.7005966735497
chr9	40330578	43	74	1.04677729318633	0.216	A>G	2	6	1	-11.3116274294146
chr9	40880850	36	69	1.01660456064286	0.101	T>C	2	6	1	-11.8817626564356
chr9	40901731	38	49	1.01660456064286	0.102	G>A	2	6	1	-11.8817626564356
chr9	40901783	38	52	1.01660456064286	0.115	C>A	2	6	1	-11.0030588908836
chr9	40968807	31	88	1.01660456064286	0.114	T>G	2	6	1	-11.3933184348657
chr9	40999657	44	52	1.01660456064286	0.135	C>A	2	6	1	-10.4907609967517
chr9	41002379	37	49	1.01660456064286	0.204	A>G	2	6	1	-10.7681529692183
chr9	41002380	37	49	1.01660456064286	0.204	T>A	2	6	1	-10.7681529692183
chr9	41234124	43	50	1.05371172593513	0.14	C>A	2	6	1	-10.423204701083
chr9	41266903	56	46	1.05371172593513	0.174	G>C	2	6	1	-10.2496521447802
chr9	41266941	56	47	1.05371172593513	0.213	A>G	2	6	1	-10.9765626525612
chr9	42789435	33	40	1.05371172593513	0.125	A>C	2	6	1	-10.935502595215
chr9	42978333	43	40	1.05371172593513	0.225	A>T	2	6	1	-11.3116274294146
chr9	43184591	37	42	1.10898633716696	0.167	T>G	2	6	1	-10.2334486219655
chr9	43717834	37	43	1.10898633716696	0.14	A>G	2	6	1	-10.4070011782684
chr9	44240757	37	54	1.10150603610034	0.111	C>T	2	6	1	-11.297826636703
chr9	45188015	36	56	1.10150603610034	0.214	G>C	2	6	1	-10.9486271500672
chr9	61668461	58	51	1.03038424998387	0.118	G>A	2	6	1	-10.935502595215
chr9	61992836	39	63	1.03038424998387	0.127	C>A	2	6	1	-10.6365853141603
chr9	63815664	66	40	0.976570396745641	0.125	G>A	2	5	1	-12.3273825397466
chr9	66357538	32	57	0.90356586702928	0.123	T>C	2	5	1	-12.2973134268539
chr9	67716879	52	49	0.90356586702928	0.224	A>C	2	5	1	-10.4520580529316
chr9	68329316	50	95	0.90356586702928	0.116	T>C	2	5	1	-12.2973134268539
chr9	138221762	53	41	0.864824033413846	0.195	A>G	2	5	1	-10.3298480655414
chr9	138221789	53	41	0.864824033413846	0.195	G>A	2	5	1	-10.3298480655414
chr10	523525	54	44	1.19464871198785	0.114	T>G	2	6	1	-11.3610361382717
chr10	1593261	49	48	1.19464871198785	0.104	C>A	2	6	1	-11.8494803598416
chr10	2148618	40	41	1.19464871198785	0.244	G>A	2	6	1	-12.1868755781471
chr10	3046090	61	47	1.19464871198785	0.255	C>T	2	6	2	-11.6589536846818
chr10	3431279	51	50	1.25621866509497	0.12	A>G	2	7	1	-10.282352454995
chr10	6824552	44	51	1.14535295851607	0.235	T>C	2	6	1	-12.1353980562578
chr10	6824607	44	50	1.14535295851607	0.22	A>G	2	6	1	-11.2954239065999
chr10	15974674	40	43	1.14535295851607	0.209	C>T	2	6	1	-10.9603591297466
chr10	16003616	29	43	1.14535295851607	0.186	A>C	2	6	1	-10.4696398558914
chr10	23903071	37	41	1.13981178405001	0.268	G>T	2	6	2	-11.2974329101825
chr10	25695131	47	44	1.13981178405001	0.227	C>T	2	6	1	-11.6876794718015
chr10	26572562	33	49	1.29473805489297	0.122	C>A	2	7	1	-10.282352454995
chr10	26572565	33	50	1.29473805489297	0.12	C>T	2	7	1	-10.282352454995
chr10	26572585	33	47	1.29473805489297	0.128	A>T	2	7	1	-10.1650858149091
chr10	26588157	56	46	1.20957496800937	0.13	C>A	2	7	1	-10.1874267154085
chr10	26588179	56	46	1.20957496800937	0.13	G>T	2	7	1	-10.1874267154085
chr10	26588181	56	46	1.20957496800937	0.13	A>G	2	7	1	-10.1874267154085
chr10	26641302	46	41	1.2072670151188	0.146	C>A	2	7	1	-10.2045204650794
chr10	26641308	46	40	1.2072670151188	0.15	T>C	2	7	1	-10.2045204650794
chr10	26641322	46	46	1.2072670151188	0.196	T>G	2	7	1	-11.5229925615789
chr10	26641362	46	41	1.2072670151188	0.293	G>C	2	7	2	-10.4250288500356
chr10	26641422	46	43	1.2072670151188	0.279	A>G	2	7	2	-10.4140761436631
chr10	26641426	46	43	1.2072670151188	0.279	C>A	2	7	2	-10.4140761436631
chr10	26641427	46	42	1.2072670151188	0.286	A>G	2	7	2	-10.4250288500356
chr10	26641437	46	42	1.2072670151188	0.286	C>A	2	7	2	-10.4250288500356
chr10	26641439	46	42	1.2072670151188	0.286	C>T	2	7	2	-10.4250288500356
chr10	26641440	46	42	1.2072670151188	0.286	C>T	2	7	2	-10.4250288500356
chr10	26641445	46	42	1.2072670151188	0.286	G>A	2	7	2	-10.4250288500356
chr10	27331307	43	40	1.11505699056574	0.1	G>A	2	6	1	-11.7980028379522
chr10	27331313	43	40	1.11505699056574	0.1	A>G	2	6	1	-11.7980028379522
chr10	29265860	45	54	1.11638399009319	0.222	G>T	2	6	1	-11.2954239065999
chr10	31230056	38	43	1.12546872424117	0.116	T>C	2	6	1	-10.9192990724003
chr10	38526145	41	47	1.18411307819953	0.106	C>G	2	6	1	-11.3610361382717
chr10	38526157	41	49	1.18411307819953	0.122	T>C	2	6	1	-10.9707765942896
chr10	38526173	41	49	1.18411307819953	0.122	T>A	2	6	1	-10.9707765942896
chr10	38526186	41	47	1.18411307819953	0.128	A>T	2	6	1	-10.671859313235
chr10	38581774	41	52	1.18411307819953	0.115	G>A	2	6	1	-10.9707765942896
chr10	38581776	41	49	1.18411307819953	0.143	C>T	2	6	1	-10.4584787001577
chr10	38581783	41	46	1.18411307819953	0.13	G>A	2	6	1	-10.671859313235
chr10	38581818	41	41	1.18411307819953	0.122	G>T	2	6	1	-10.9707765942896
chr10	38645288	38	74	1.18411307819953	0.108	C>T	2	6	1	-11.3610361382717
chr10	38704873	39	44	1.18411307819953	0.114	A>C	2	6	1	-11.3610361382717
chr10	38923683	33	68	1.20707620809663	0.103	T>A	2	7	1	-10.820095839109
chr10	39539020	38	41	1.18411878067077	0.122	G>T	2	6	1	-10.9707765942896
chr10	39539028	38	40	1.18411878067077	0.125	C>T	2	6	1	-10.9707765942896
chr10	39557009	37	45	1.18411878067077	0.178	G>A	2	6	1	-10.3699274699165
chr10	39557037	38	41	1.18411878067077	0.146	C>T	2	6	1	-10.3256517809685
chr10	40798581	38	101	1.40223146225169	0.129	G>A	2	8	1	-10.1393020961971
chr10	40955667	37	108	1.40223146225169	0.102	A>T	2	8	1	-10.3109576843992
chr10	41455065	38	44	1.40223146225169	0.159	A>T	2	8	1	-10.7424676640466
chr10	41462065	39	42	1.40223146225169	0.167	C>T	2	8	1	-11.0936562046897
chr10	41530160	38	66	1.40223146225169	0.136	T>C	2	8	1	-10.261243302588
chr10	41553634	37	55	1.40223146225169	0.109	C>T	2	8	1	-10.1578352822975
chr10	41710276	37	49	1.18087048591425	0.245	C>G	2	6	1	-12.1868755781471
chr10	41710277	37	50	1.18087048591425	0.26	G>T	2	6	2	-11.6589536846818
chr10	41710278	37	50	1.18087048591425	0.24	A>G	2	6	1	-12.1868755781471
chr10	41841466	37	43	1.18087048591425	0.116	G>T	2	6	1	-10.9707765942896
chr10	41841491	37	43	1.18087048591425	0.116	G>T	2	6	1	-10.9707765942896
chr10	41841492	37	44	1.18087048591425	0.114	A>C	2	6	1	-11.3610361382717
chr10	41841510	37	44	1.18087048591425	0.114	C>A	2	6	1	-11.3610361382717
chr10	41841516	37	42	1.18087048591425	0.214	T>C	2	6	1	-11.0118366516359
chr10	41841525	37	41	1.18087048591425	0.22	T>G	2	6	1	-11.3469014284892
chr10	41841539	37	46	1.18087048591425	0.109	C>A	2	6	1	-11.3610361382717
chr10	41841543	37	45	1.18087048591425	0.111	C>T	2	6	1	-11.3610361382717
chr10	41841546	37	45	1.18087048591425	0.111	A>T	2	6	1	-11.3610361382717
chr10	41841548	37	44	1.18087048591425	0.114	T>C	2	6	1	-11.3610361382717
chr10	41841558	37	45	1.18087048591425	0.111	G>A	2	6	1	-11.3610361382717
chr10	41841568	37	46	1.18087048591425	0.109	A>T	2	6	1	-11.3610361382717
chr10	41848003	35	54	1.18087048591425	0.167	A>G	2	6	1	-10.2849261438549
chr10	41855049	37	43	1.18087048591425	0.14	A>C	2	6	1	-10.4584787001577
chr10	41857533	41	45	1.18087048591425	0.111	C>G	2	6	1	-11.3610361382717
chr10	41857809	41	60	1.18087048591425	0.15	T>C	2	6	1	-10.3256517809685
chr10	41858790	39	56	1.18087048591425	0.125	C>A	2	6	1	-10.9707765942896
chr10	41862797	40	41	1.18087048591425	0.22	C>T	2	6	1	-11.3469014284892
chr10	41870972	40	57	1.18087048591425	0.158	T>A	2	6	1	-10.26905942268
chr10	41872445	40	77	1.18087048591425	0.143	A>T	2	6	1	-10.4584787001577
chr10	41873291	40	43	1.18087048591425	0.233	G>A	2	6	1	-11.7391569936908
chr10	41874904	41	40	1.18087048591425	0.2	T>C	2	6	1	-10.7358706726243
chr10	41885273	40	50	1.18087048591425	0.2	C>T	2	6	1	-10.7358706726243
chr10	41885274	40	51	1.18087048591425	0.157	A>G	2	6	1	-10.26905942268
chr10	41885700	40	71	1.18087048591425	0.127	T>A	2	6	1	-10.671859313235
chr10	41888433	41	56	1.18087048591425	0.107	C>T	2	6	1	-11.3610361382717
chr10	41900708	41	52	1.18087048591425	0.212	G>A	2	6	1	-11.0118366516359
chr10	41900794	41	44	1.18087048591425	0.25	G>T	2	6	2	-12.0201602856067
chr10	41900799	41	47	1.18087048591425	0.234	G>T	2	6	1	-11.7391569936908
chr10	41900804	41	40	1.18087048591425	0.275	C>T	2	6	2	-11.0888404756886
chr10	41901107	40	40	1.18087048591425	0.1	T>G	2	6	1	-11.8494803598416
chr10	41901132	40	46	1.18087048591425	0.109	T>G	2	6	1	-11.3610361382717
chr10	41902465	40	49	1.18087048591425	0.102	G>A	2	6	1	-11.8494803598416
chr10	41903474	41	59	1.18087048591425	0.119	T>C	2	6	1	-10.9707765942896
chr10	41910167	40	59	1.18087048591425	0.102	T>G	2	6	1	-11.8494803598416
chr10	42128332	33	55	1.18087048591425	0.109	A>G	2	6	1	-11.3610361382717
chr10	42158839	33	81	1.18087048591425	0.123	G>T	2	6	1	-10.9707765942896
chr10	42158849	33	81	1.18087048591425	0.136	T>C	2	6	1	-10.4584787001577
chr10	42158866	33	67	1.18087048591425	0.149	T>C	2	6	1	-10.3256517809685
chr10	42162485	27	40	1.18087048591425	0.1	G>T	2	6	1	-11.8494803598416
chr10	42166554	36	60	1.18087048591425	0.1	C>T	2	6	1	-11.8494803598416
chr10	42271282	38	55	1.16848842709335	0.182	G>T	2	6	1	-10.3699274699165
chr10	42305454	42	46	1.16663289296375	0.109	T>C	2	6	1	-11.3610361382717
chr10	43184869	31	46	1.16663289296375	0.239	C>G	2	6	1	-12.1868755781471
chr10	43184887	31	44	1.16663289296375	0.227	C>T	2	6	1	-11.7391569936908
chr10	46526376	49	55	1.14335055929093	0.164	C>T	2	6	1	-10.2175819007906
chr10	47498311	45	56	1.14335055929093	0.143	G>C	2	6	1	-10.4070011782684
chr10	49252251	39	40	1.14335055929093	0.2	T>C	2	6	1	-10.684393150735
chr10	50751552	32	53	1.14335055929093	0.132	G>A	2	6	1	-10.6203817913456
chr10	51073815	49	41	1.14335055929093	0.146	A>C	2	6	1	-10.2741742590791
chr10	51080899	40	42	1.14335055929093	0.214	C>T	2	6	1	-10.9603591297466
chr10	51942410	39	41	1.14335055929093	0.122	C>A	2	6	1	-10.9192990724003
chr10	56934446	50	42	1.14335055929093	0.19	G>T	2	6	1	-10.4696398558914
chr10	65417967	39	41	1.14335055929093	0.171	C>T	2	6	1	-10.2334486219655
chr10	70643071	41	40	1.14335055929093	0.1	A>G	2	6	1	-11.7980028379522
chr10	76056823	58	49	1.14335055929093	0.122	C>T	2	6	1	-10.9192990724003
chr10	80161003	54	42	1.14335055929093	0.167	C>A	2	6	1	-10.2334486219655
chr10	98044435	48	45	1.11930961887702	0.178	G>A	2	6	1	-10.3184499480272
chr10	98931585	37	42	1.11930961887702	0.286	C>T	2	6	2	-10.8261776393596
chr10	104140368	36	40	1.11930961887702	0.325	A>G	2	6	2	-10.4763714283884
chr10	108259247	37	41	1.11930961887702	0.122	G>A	2	6	1	-10.9192990724003
chr10	124227177	38	50	1.11930961887702	0.1	G>C	2	6	1	-11.7980028379522
chr10	133656230	55	50	1.11930961887702	0.14	G>C	2	6	1	-10.4070011782684
chr11	35248715	47	110	1.00857590412594	0.1	C>T	2	6	1	-11.8817626564356
chr11	48913602	36	48	1.00857590412594	0.271	G>A	2	6	2	-11.3811927286659
chr11	48913735	36	50	1.00857590412594	0.14	G>C	2	6	1	-10.4907609967517
chr11	48913740	36	48	1.00857590412594	0.146	T>C	2	6	1	-10.3579340775625
chr11	48932050	36	40	1.00857590412594	0.1	A>G	2	6	1	-11.8817626564356
chr11	54350996	42	50	1.05523601745204	0.1	A>G	2	6	1	-11.8142063607669
chr11	54391849	41	44	1.05523601745204	0.205	T>G	2	6	1	-10.7005966735497
chr11	134565539	44	43	0.97599437505249	0.14	C>T	2	5	1	-11.3708086039903
chr12	44520	52	47	0.962619820777719	0.106	C>T	2	5	1	-12.9397801045409
chr12	2255973	46	40	0.962619820777719	0.1	C>T	2	5	1	-13.6503623469229
chr12	22431886	34	51	1.17024721244476	0.275	A>G	2	6	2	-11.0888404756886
chr12	29560112	36	42	1.17024721244476	0.143	T>C	2	6	1	-10.4584787001577
chr12	31020118	52	51	1.17024721244476	0.255	T>C	2	6	2	-11.6589536846818
chr12	31020197	52	49	1.17024721244476	0.122	T>C	2	6	1	-10.9707765942896
chr12	35326332	39	42	1.04910105033552	0.214	C>G	2	6	1	-10.9765626525612
chr12	35778594	38	45	1.15284662331158	0.111	T>C	2	6	1	-11.3610361382717
chr12	37646850	36	42	1.09091890066259	0.119	A>T	2	6	1	-10.9075670927209
chr12	37660503	38	47	1.09091890066259	0.191	C>G	2	6	1	-10.457907876212
chr12	42878462	31	45	1.09091890066259	0.156	A>G	2	6	1	-10.2058499211112
chr12	54783480	38	45	1.09091890066259	0.156	A>G	2	6	1	-10.2058499211112
chr12	54783481	38	46	1.09091890066259	0.152	A>G	2	6	1	-10.2624422793997
chr12	54783483	38	45	1.09091890066259	0.156	T>G	2	6	1	-10.2058499211112
chr12	54783487	38	46	1.09091890066259	0.152	A>G	2	6	1	-10.2624422793997
chr12	54783496	38	42	1.09091890066259	0.167	G>A	2	6	1	-10.2217166422862
chr12	78204632	36	42	1.11444015769286	0.31	A>G	2	6	2	-10.546557055596
chr12	80195509	38	48	1.11444015769286	0.146	T>A	2	6	1	-10.2741742590791
chr12	80785115	46	42	1.11444015769286	0.19	G>C	2	6	1	-10.4696398558914
chr12	80866399	35	40	1.11444015769286	0.35	T>C	2	6	2	-10.5352874331366
chr12	96158407	53	42	1.10025492895424	0.143	A>G	2	6	1	-10.395269198589
chr12	96158414	53	44	1.10025492895424	0.136	A>G	2	6	1	-10.395269198589
chr12	99395223	36	40	1.10025492895424	0.25	C>T	2	6	2	-11.956950784038
chr12	124438967	60	44	1.10025492895424	0.136	G>A	2	6	1	-10.395269198589
chr12	130392939	49	43	1.21775024553122	0.163	G>A	2	7	1	-10.3295787477597
chr12	130392982	49	53	1.21775024553122	0.113	G>C	2	7	1	-10.5133022585078
chr12	131395692	45	61	1.21775024553122	0.148	G>A	2	7	1	-10.2045204650794
chr12	131395702	45	57	1.21775024553122	0.158	A>G	2	7	1	-10.3295787477597
chr12	131616909	56	56	1.21775024553122	0.143	A>G	2	7	1	-10.1556967433
chr12	132241073	61	44	3.50851988994867	0.136	C>A	2	20	3	-9.99489752128783
chr13	16119649	37	80	1.49888171250259	0.125	T>A	2	8	1	-10.0751344446304
chr13	16158856	39	136	1.49888171250259	0.103	T>C	2	8	1	-10.2831945712461
chr13	16194918	38	51	4.04851987327602	0.157	G>T	2	20	3	-10.0880649543338
chr13	16197194	38	48	4.04851987327602	0.125	T>A	2	20	2	-10.1419519200472
chr13	16197314	38	63	4.04851987327602	0.111	A>C	2	20	2	-9.94733535754592
chr13	16201444	39	68	4.04851987327602	0.235	T>C	2	20	5	-10.2249864843903
chr13	16201451	39	67	4.04851987327602	0.254	A>G	2	20	5	-10.2130871528637
chr13	16201453	39	69	4.04851987327602	0.246	A>G	2	20	5	-10.2130871528637
chr13	16201463	39	63	4.04851987327602	0.286	G>A	2	20	6	-10.2820229016192
chr13	16201485	39	50	4.04851987327602	0.4	T>C	2	20	8	-10.3355620684063
chr13	16201487	39	50	4.04851987327602	0.4	T>C	2	20	8	-10.3355620684063
chr13	16233518	39	42	1.28945427872018	0.119	A>G	2	7	1	-10.282352454995
chr13	16924309	39	44	1.28945427872018	0.159	G>C	2	7	1	-10.3072378472602
chr13	17051166	39	58	1.28945427872018	0.121	C>G	2	7	1	-10.282352454995
chr13	17129816	38	44	1.28945427872018	0.25	G>C	2	7	2	-10.6566409906452
chr13	17258884	39	65	1.28945427872018	0.108	G>T	2	7	1	-10.4909613580084
chr13	17258920	39	63	1.28945427872018	0.111	G>A	2	7	1	-10.4909613580084
chr13	17315343	40	51	1.28945427872018	0.137	C>T	2	7	1	-10.1333558428005
chr13	17329316	39	71	1.28945427872018	0.169	A>C	2	7	1	-10.5047552094039
chr13	17388476	39	90	1.28945427872018	0.111	T>G	2	7	1	-10.4909613580084
chr13	17456229	37	41	1.28945427872018	0.195	T>A	2	7	1	-11.5006516610794
chr13	17603156	38	54	1.28945427872018	0.13	T>C	2	7	1	-10.1650858149091
chr13	17968768	39	50	1.27735832727926	0.12	A>G	2	7	1	-10.282352454995
chr13	18337632	31	44	1.00694342984936	0.136	A>T	2	6	1	-10.4907609967517
chr13	18457533	40	68	1.00694342984936	0.235	A>G	2	6	1	-12.2191578747412
chr14	16099572	42	106	1.15787646926421	0.104	T>A	2	6	1	-11.8494803598416
chr14	16103810	42	57	1.15787646926421	0.123	A>T	2	6	1	-10.9707765942896
chr14	37414844	33	41	1.15907211488777	0.341	T>G	2	6	2	-10.5228866609731
chr14	79218030	37	40	1.02462834029428	0.275	T>C	2	6	2	-11.0535664766139
chr14	83923843	42	40	1.13742845139389	0.1	T>C	2	6	1	-11.7980028379522
chr14	85912847	41	45	1.13742845139389	0.2	G>A	2	6	1	-10.684393150735
chr14	86212182	35	46	1.13742845139389	0.217	T>A	2	6	1	-11.2954239065999
chr14	86212183	35	44	1.13742845139389	0.227	C>A	2	6	1	-11.6876794718015
chr14	86688802	49	51	1.13742845139389	0.196	A>T	2	6	1	-10.684393150735
chr14	87523171	39	44	1.13742845139389	0.227	G>A	2	6	1	-11.6876794718015
chr14	87523174	39	44	1.13742845139389	0.227	C>A	2	6	1	-11.6876794718015
chr14	90236010	50	41	1.13742845139389	0.171	C>A	2	6	1	-10.2334486219655
chr14	104611003	50	40	1.13742845139389	0.125	A>T	2	6	1	-10.9192990724003
chr14	106336406	37	56	1.28630248380774	0.107	C>T	2	7	1	-10.4909613580084
chr15	17032385	36	63	1.20018230056187	0.254	A>T	2	7	2	-10.6789818911447
chr15	17081440	46	58	1.20018230056187	0.103	T>G	2	7	1	-10.820095839109
chr15	17081881	46	40	1.20018230056187	0.1	G>C	2	7	1	-10.820095839109
chr15	17081905	46	47	1.20018230056187	0.128	G>A	2	7	1	-10.1874267154085
chr15	17082075	46	74	1.20018230056187	0.122	A>G	2	7	1	-10.3046933554945
chr15	17082099	46	77	1.20018230056187	0.182	A>T	2	7	1	-10.7937480769337
chr15	17082819	46	67	1.20018230056187	0.119	G>A	2	7	1	-10.3046933554945
chr15	17082828	46	46	1.20018230056187	0.196	T>C	2	7	1	-11.5229925615789
chr15	17082892	46	51	1.20018230056187	0.333	A>G	2	7	2	-10.9389595531935
chr15	18356425	38	48	1.20018230056187	0.104	G>T	2	7	1	-10.820095839109
chr15	18356428	38	50	1.20018230056187	0.1	G>T	2	7	1	-10.820095839109
chr15	18356444	38	49	1.20018230056187	0.102	G>T	2	7	1	-10.820095839109
chr15	19706100	39	47	1.03580224828747	0.149	T>C	2	6	1	-10.2903777818938
chr15	19706118	39	47	1.03580224828747	0.106	G>T	2	6	1	-11.3257621391971
chr15	20309821	29	40	1.03580224828747	0.1	A>G	2	6	1	-11.8142063607669
chr15	20357835	67	60	1.03580224828747	0.117	T>C	2	6	1	-10.935502595215
chr15	29093247	56	47	1.03580224828747	0.255	G>A	2	6	2	-11.6236796856071
chr15	56067507	38	44	1.03580224828747	0.114	G>C	2	6	1	-11.3257621391971
chr15	56067510	38	44	1.03580224828747	0.114	A>C	2	6	1	-11.3257621391971
chr16	1025645	63	44	1.06138197231466	0.227	T>C	2	6	1	-11.7038829946162
chr16	5969112	40	43	1.06138197231466	0.442	T>A	2	6	3	-11.202469088847
chr16	22541751	47	40	1.06138197231466	0.1	T>C	2	6	1	-11.8142063607669
chr16	32407995	40	40	1.06138197231466	0.125	C>A	2	6	1	-10.935502595215
chr16	32447539	33	41	1.06138197231466	0.146	T>A	2	6	1	-10.2903777818938
chr16	32447540	33	42	1.06138197231466	0.143	C>A	2	6	1	-10.423204701083
chr16	32447550	33	42	1.06138197231466	0.143	T>C	2	6	1	-10.423204701083
chr16	32447558	33	41	1.06138197231466	0.171	T>C	2	6	1	-10.2496521447802
chr16	32447564	33	40	1.06138197231466	0.175	T>C	2	6	1	-10.3346534708418
chr16	34201478	38	40	1.15509259021927	0.275	C>G	2	6	2	-11.0888404756886
chr16	34201503	38	41	1.15509259021927	0.268	C>G	2	6	2	-11.3489104320719
chr16	34277126	39	93	1.15509259021927	0.118	A>T	2	6	1	-10.9707765942896
chr16	34277176	39	81	1.15509259021927	0.123	A>G	2	6	1	-10.9707765942896
chr16	34600064	36	50	0.931737359767746	0.12	C>T	2	5	1	-12.2925142422135
chr16	34600070	36	47	0.931737359767746	0.128	A>G	2	5	1	-11.7714589403467
chr16	34600080	36	43	0.931737359767746	0.14	G>A	2	5	1	-11.3359403064572
chr16	34600101	36	44	0.931737359767746	0.136	C>A	2	5	1	-11.3359403064572
chr16	34600102	36	45	0.931737359767746	0.133	A>T	2	5	1	-11.7714589403467
chr16	34620218	38	42	0.931737359767746	0.167	G>C	2	5	1	-10.4959736877178
chr16	34620219	38	42	0.931737359767746	0.167	G>T	2	5	1	-10.4959736877178
chr16	34899750	36	48	0.931737359767746	0.104	C>T	2	5	1	-13.6154940493899
chr16	34899760	36	46	0.931737359767746	0.109	T>C	2	5	1	-12.9049118070078
chr16	34899778	36	46	0.931737359767746	0.109	A>T	2	5	1	-12.9049118070078
chr16	34899783	36	43	0.931737359767746	0.116	G>A	2	5	1	-12.2925142422135
chr16	34910290	36	42	0.931737359767746	0.167	T>A	2	5	1	-10.4959736877178
chr16	34910293	36	43	0.931737359767746	0.163	G>C	2	5	1	-10.7022449873551
chr16	34910322	36	45	0.931737359767746	0.156	G>A	2	5	1	-10.7022449873551
chr16	34910348	36	41	0.931737359767746	0.171	A>G	2	5	1	-10.4959736877178
chr16	35746096	63	40	0.931737359767746	0.35	C>G	2	5	2	-10.9509048445709
chr16	36105293	39	108	0.931737359767746	0.102	G>A	2	5	1	-13.6154940493899
chr16	46625227	59	45	0.939570181788919	0.111	C>T	2	5	1	-12.9049118070078
chr16	61938668	35	40	0.939570181788919	0.15	A>C	2	5	1	-10.9809753664558
chr17	221504	54	58	1.31293058226196	0.103	T>G	2	7	1	-10.8155864710615
chr17	1146607	58	44	1.14771802828005	0.136	C>T	2	6	1	-10.4070011782684
chr17	3208101	43	43	1.14771802828005	0.209	C>T	2	6	1	-10.9603591297466
chr17	3556070	59	40	1.14771802828005	0.3	G>A	2	6	2	-10.6628801185703
chr17	5232432	51	40	1.14771802828005	0.225	C>T	2	6	1	-11.2954239065999
chr17	8733841	47	47	1.14771802828005	0.213	C>T	2	6	1	-10.9603591297466
chr17	12773220	42	44	1.14771802828005	0.25	C>T	2	6	2	-11.9686827637174
chr17	18634701	44	41	1.14771802828005	0.244	A>G	2	6	1	-12.1353980562578
chr17	18634731	44	45	1.14771802828005	0.289	A>G	2	6	2	-10.8261776393596
chr17	18634734	44	44	1.14771802828005	0.295	G>C	2	6	2	-10.6628801185703
chr17	21680589	60	56	1.32026047607727	0.125	T>G	2	7	1	-10.300183987447
chr17	21680612	60	55	1.32026047607727	0.127	T>A	2	7	1	-10.1829173473611
chr17	21687986	57	42	1.21394154945261	0.214	C>T	2	7	2	-11.7749190263293
chr17	21688051	56	53	1.21394154945261	0.151	G>T	2	7	1	-10.2045204650794
chr17	21834546	34	61	1.21394154945261	0.197	A>C	2	7	1	-11.5229925615789
chr17	21859620	38	44	1.11533798834212	0.136	C>T	2	6	1	-10.4070011782684
chr17	21859621	38	44	1.11533798834212	0.136	T>G	2	6	1	-10.4070011782684
chr17	21859672	38	49	1.11533798834212	0.122	G>C	2	6	1	-10.9192990724003
chr17	21859711	38	48	1.11533798834212	0.104	A>G	2	6	1	-11.7980028379522
chr17	21859749	38	43	1.11533798834212	0.14	T>A	2	6	1	-10.4070011782684
chr17	21860605	38	42	1.11533798834212	0.143	T>C	2	6	1	-10.4070011782684
chr17	21860617	38	41	1.11533798834212	0.146	G>A	2	6	1	-10.2741742590791
chr17	21860627	38	41	1.11533798834212	0.146	G>C	2	6	1	-10.2741742590791
chr17	21860648	38	44	1.11533798834212	0.136	A>G	2	6	1	-10.4070011782684
chr17	21863810	40	40	1.11533798834212	0.125	A>T	2	6	1	-10.9192990724003
chr17	21870730	39	46	1.11533798834212	0.109	A>T	2	6	1	-11.3095586163824
chr17	21879170	39	41	1.043	0.171	G>T	2	6	1	-10.2496521447802
chr17	21879171	39	40	1.018	0.175	G>T	2	6	1	-10.4022097665105
chr17	21879189	39	42	1.169	0.167	T>A	2	6	1	-10.2849261438549
chr17	21879194	39	40	1.228	0.175	T>G	2	7	1	-10.7937480769337
chr17	21879224	39	42	1.29	0.167	T>A	2	7	1	-10.5047552094039
chr17	21881225	38	44	1.782	0.159	G>C	2	10	2	-10.6751825062611
chr17	21881227	38	42	1.701	0.119	C>A	2	9	1	-10.099303022596
chr17	21881228	38	42	1.97	0.143	C>T	2	11	2	-10.7121256984707
chr17	21881240	38	47	2.094	0.128	G>A	2	12	2	-10.5539820581545
chr17	21881242	38	47	2.094	0.149	C>A	2	12	2	-10.2037463271446
chr17	21881243	38	46	2.049	0.13	T>A	2	11	1	-10.883056340121
chr17	21881250	38	48	2.139	0.125	G>A	2	12	1	-10.8015142930588
chr17	21881265	38	47	2.463	0.128	T>C	2	13	2	-10.2489539484331
chr17	21906447	38	50	2.38423883013464	0.1	G>A	2	13	1	-10.2586922020438
chr17	21987865	36	50	1.20753851359935	0.14	G>C	2	7	1	-10.1556967433
chr17	21989967	39	40	1.20753851359935	0.125	A>G	2	7	1	-10.3046933554945
chr17	23021008	41	51	1.16961392861339	0.235	A>G	2	6	1	-12.1868755781471
chr17	23021019	41	48	1.16961392861339	0.229	C>T	2	6	1	-11.7391569936908
chr17	23021020	41	49	1.16961392861339	0.245	A>G	2	6	1	-12.1868755781471
chr17	25125497	41	46	2.09046224182304	0.152	T>A	2	12	2	-10.2037463271446
chr17	25125522	41	46	2.09046224182304	0.152	G>C	2	12	2	-10.2037463271446
chr17	25604851	41	75	2.09046224182304	0.107	G>T	2	12	1	-10.4055138773045
chr17	26625693	40	41	1.00625088828793	0.122	G>C	2	6	1	-11.0030588908836
chr17	26743606	36	46	1.00625088828793	0.152	T>C	2	6	1	-10.3579340775625
chr17	26754019	35	40	1.00625088828793	0.175	A>C	2	6	1	-10.4022097665105
chr17	26754028	35	40	1.00625088828793	0.175	C>T	2	6	1	-10.4022097665105
chr17	26773160	61	43	1.00625088828793	0.116	T>G	2	6	1	-11.0030588908836
chr17	26792420	39	48	1.12183552961092	0.104	G>A	2	6	1	-11.7980028379522
chr17	26874701	39	40	1.60902391226621	0.1	A>C	2	9	1	-10.0271761879578
chr17	26879416	45	43	1.60902391226621	0.116	T>C	2	9	1	-10.0854592927068
chr17	26879516	45	45	1.60902391226621	0.111	G>T	2	9	1	-10.0072254015384
chr17	26938465	45	50	1.60902391226621	0.1	A>T	2	9	1	-10.0271761879578
chr17	26938526	45	62	1.60902391226621	0.113	C>T	2	9	1	-10.0072254015384
chr17	26949906	33	47	1.1355891708968	0.106	G>T	2	6	1	-11.3095586163824
chr17	26967197	34	41	1.1355891708968	0.171	C>T	2	6	1	-10.2334486219655
chr17	38176864	48	40	1.06482767058055	0.15	G>A	2	6	1	-10.2624422793997
chr17	51493633	42	55	1.06482767058055	0.309	T>C	2	6	2	-10.5348250759166
chr17	56555420	37	49	1.06482767058055	0.306	T>C	2	6	2	-10.5348250759166
chr17	59112030	34	40	1.06482767058055	0.15	C>T	2	6	1	-10.2624422793997
chr17	63143654	30	40	1.06482767058055	0.425	A>G	2	6	3	-11.7192152459461
chr17	65000562	47	45	1.06482767058055	0.133	T>C	2	6	1	-10.6086498116663
chr17	83047858	38	52	1.06482767058055	0.308	T>C	2	6	2	-10.5348250759166
chr18	217241	41	40	1.26516071943293	0.45	G>A	2	7	3	-10.5921338333413
chr18	628516	46	43	1.26516071943293	0.395	G>A	2	7	3	-10.6259685518068
chr18	4578655	52	43	1.26516071943293	0.233	T>C	2	7	2	-11.0936041067649
chr18	10717191	44	50	1.26516071943293	0.18	A>G	2	7	1	-10.7714071764342
chr18	11616799	50	42	1.26516071943293	0.119	G>T	2	7	1	-10.282352454995
chr18	15203631	39	46	1.26516071943293	0.13	C>T	2	7	1	-10.1650858149091
chr18	15785268	40	42	1.36910139282911	0.167	C>G	2	8	1	-11.0936562046897
chr18	15785286	40	42	1.36910139282911	0.167	A>C	2	8	1	-11.0936562046897
chr18	15791861	37	41	1.36910139282911	0.146	C>G	2	8	1	-10.4637382028669
chr18	18394118	39	93	1.36910139282911	0.108	T>C	2	8	1	-10.1578352822975
chr18	20279134	40	59	1.32478460740833	0.119	A>G	2	7	1	-10.300183987447
chr18	20944879	36	52	1.32478460740833	0.135	C>T	2	7	1	-10.1511873752525
chr18	20944911	36	55	1.32478460740833	0.127	T>C	2	7	1	-10.1829173473611
chr18	23287357	46	43	1.31534917320659	0.116	A>C	2	7	1	-10.300183987447
chr18	26119390	45	40	1.31534917320659	0.5	C>A	2	7	4	-11.4940374862917
chr18	32222066	36	42	1.31534917320659	0.167	C>A	2	7	1	-10.5225867418558
chr18	37372347	40	41	1.31534917320659	0.122	T>C	2	7	1	-10.300183987447
chr18	37780619	50	56	1.31534917320659	0.161	C>T	2	7	1	-10.3250693797122
chr18	37780642	50	53	1.31534917320659	0.132	C>G	2	7	1	-10.1829173473611
chr18	38505603	38	41	1.31534917320659	0.146	G>T	2	7	1	-10.200011097032
chr18	47498546	44	40	1.31534917320659	0.325	A>C	2	7	2	-10.7371273334535
chr18	47920056	39	43	1.31534917320659	0.209	G>A	2	7	2	-11.7704096582818
chr18	49067133	46	64	1.31534917320659	0.109	G>A	2	7	1	-10.5087928904604
chr18	49067168	46	57	1.31534917320659	0.105	G>A	2	7	1	-10.8155864710615
chr18	49067266	46	46	1.31534917320659	0.13	A>T	2	7	1	-10.1829173473611
chr18	52517023	37	44	1.31534917320659	0.205	G>A	2	7	1	-11.5184831935314
chr18	68232143	39	42	1.31534917320659	0.5	A>C	2	7	4	-11.4940374862917
chr18	68661401	39	46	1.31534917320659	0.13	C>T	2	7	1	-10.1829173473611
chr18	69253719	41	43	1.31534917320659	0.116	G>T	2	7	1	-10.300183987447
chr18	72703445	34	40	1.31534917320659	0.35	C>A	2	7	2	-11.4624574006383
chr18	75238733	49	43	1.31534917320659	0.442	G>A	2	7	3	-10.5359347002764
chr18	75833913	44	42	1.31534917320659	0.286	C>A	2	7	2	-10.4205194819881
chr18	76104705	36	41	1.31534917320659	0.146	T>A	2	7	1	-10.200011097032
chr18	76104706	36	42	1.31534917320659	0.143	C>A	2	7	1	-10.1511873752525
chr18	76940324	47	40	1.31534917320659	0.1	A>G	2	7	1	-10.8155864710615
chr18	76940337	47	41	1.31534917320659	0.171	G>A	2	7	1	-10.5225867418558
chr18	79038758	44	58	1.31534917320659	0.121	T>C	2	7	1	-10.300183987447
chr18	79363435	39	50	1.31534917320659	0.12	T>A	2	7	1	-10.300183987447
chr18	79619934	46	47	1.31534917320659	0.128	G>C	2	7	1	-10.1829173473611
chr18	79619982	46	41	1.31534917320659	0.146	C>T	2	7	1	-10.200011097032
chr18	79944890	61	40	1.39532301211025	0.1	G>A	2	8	1	-10.3109576843992
chr19	24419643	36	57	1.04042772776327	0.158	C>G	2	6	1	-10.2337854236053
chr19	24419661	36	60	1.04042772776327	0.167	T>C	2	6	1	-10.2496521447802
chr19	24896067	37	69	1.04042772776327	0.116	C>G	2	6	1	-10.935502595215
chr19	27244477	37	54	0.959370201238411	0.296	T>C	2	5	2	-12.5434079870064
chr19	27244486	37	51	0.959370201238411	0.314	G>T	2	5	2	-12.1410764921383
chr19	40118418	76	52	0.959370201238411	0.135	G>A	2	5	1	-11.3708086039903
chr20	61406	47	42	0.70947887892611	0.143	T>C	2	4	1	-13.7047364909025
chr20	61438	47	40	0.70947887892611	0.1	C>T	2	4	1	-17.1283239614101
chr20	61441	47	40	0.70947887892611	0.1	T>C	2	4	1	-17.1283239614101
chr20	61481	47	42	0.70947887892611	0.119	C>T	2	4	1	-15.2333272904463
chr20	65169	48	67	0.70947887892611	0.119	T>C	2	4	1	-15.2333272904463
chr20	26523764	38	45	0.840013528799639	0.111	A>T	2	5	1	-12.9542557184985
chr20	27295267	33	40	0.840013528799639	0.125	T>A	2	5	1	-12.3418581537043
chr20	28560047	45	64	0.977761545931592	0.125	G>A	2	5	1	-12.3273825397466
chr20	28561637	43	84	0.977761545931592	0.143	G>A	2	5	1	-11.3708086039903
chr20	28570848	43	45	0.977761545931592	0.133	G>A	2	5	1	-11.8063272378798
chr20	28577266	37	78	0.977761545931592	0.128	T>G	2	5	1	-11.8063272378798
chr20	28640415	40	43	0.977761545931592	0.163	T>C	2	5	1	-10.7371132848882
chr20	28805939	36	42	0.948476049008368	0.167	A>G	2	5	1	-10.5308419852509
chr20	28805954	36	40	0.948476049008368	0.225	A>T	2	5	1	-10.4821271658243
chr20	28830981	36	46	0.948476049008368	0.152	C>T	2	5	1	-11.0158436639888
chr20	28873063	37	58	0.948476049008368	0.207	A>G	2	5	1	-10.3692004097831
chr20	28884545	36	81	0.948476049008368	0.123	A>G	2	5	1	-12.3273825397466
chr20	28898103	46	43	0.948476049008368	0.14	C>T	2	5	1	-11.3708086039903
chr20	28928117	39	40	0.948476049008368	0.125	A>G	2	5	1	-12.3273825397466
chr20	28943639	37	55	0.948476049008368	0.145	G>C	2	5	1	-11.3708086039903
chr20	28943680	37	58	0.948476049008368	0.172	T>C	2	5	1	-10.5308419852509
chr20	28943685	37	57	0.948476049008368	0.175	T>C	2	5	1	-10.3937052905003
chr20	28943686	37	59	0.948476049008368	0.186	G>A	2	5	1	-10.3227571775524
chr20	28943721	37	68	0.948476049008368	0.147	A>G	2	5	1	-11.0158436639888
chr20	28943726	37	67	0.948476049008368	0.149	G>A	2	5	1	-11.0158436639888
chr20	28943743	37	66	0.948476049008368	0.136	T>G	2	5	1	-11.3708086039903
chr20	28943745	37	66	0.948476049008368	0.152	C>T	2	5	1	-11.0158436639888
chr20	28943764	37	63	0.948476049008368	0.111	G>A	2	5	1	-12.9397801045409
chr20	28943765	37	63	0.948476049008368	0.111	A>T	2	5	1	-12.9397801045409
chr20	29217278	35	47	0.948476049008368	0.128	G>C	2	5	1	-11.8063272378798
chr20	29245605	35	67	0.948476049008368	0.149	A>T	2	5	1	-11.0158436639888
chr20	29337378	30	48	0.904292363029246	0.146	A>G	2	5	1	-10.9857745510962
chr20	29337392	30	44	0.904292363029246	0.159	A>T	2	5	1	-10.7070441719955
chr20	29505532	36	80	0.904292363029246	0.1	C>G	2	5	1	-13.6202932340302
chr20	29505667	36	86	0.904292363029246	0.116	G>C	2	5	1	-12.2973134268539
chr20	29633734	40	47	0.904292363029246	0.255	A>T	2	5	1	-11.4591713803318
chr20	29636899	34	50	0.904292363029246	0.16	T>A	2	5	1	-10.7070441719955
chr20	29735877	37	49	0.904292363029246	0.102	A>G	2	5	1	-13.6202932340302
chr20	29800523	45	42	0.933367226184979	0.357	T>G	2	5	2	-10.7722130558275
chr20	29810591	35	63	0.933367226184979	0.143	C>G	2	5	1	-11.3359403064572
chr20	29859307	36	44	0.933367226184979	0.205	T>C	2	5	1	-10.2805041540507
chr20	29869412	33	45	0.933367226184979	0.133	A>G	2	5	1	-11.7714589403467
chr20	29889790	38	40	1.048	0.175	C>T	2	6	1	-10.3346534708418
chr20	29889804	38	41	0.987	0.171	T>A	2	6	1	-10.3172084404489
chr20	29889813	38	42	1.04	0.167	T>C	2	6	1	-10.2496521447802
chr20	29889814	38	43	1.036	0.163	G>A	2	6	1	-10.2337854236053
chr20	29889831	38	42	0.918820242303904	0.143	T>C	2	5	1	-11.3359403064572
chr20	29889834	38	43	0.918820242303904	0.163	T>C	2	5	1	-10.7022449873551
chr20	29889841	38	43	0.918820242303904	0.163	G>C	2	5	1	-10.7022449873551
chr20	29889842	38	43	0.918820242303904	0.163	A>T	2	5	1	-10.7022449873551
chr20	29889845	38	43	0.918820242303904	0.163	C>T	2	5	1	-10.7022449873551
chr20	29889846	38	42	0.918820242303904	0.167	T>C	2	5	1	-10.4959736877178
chr20	29889847	38	43	0.918820242303904	0.163	G>T	2	5	1	-10.7022449873551
chr20	30825459	41	75	0.949974346097865	0.107	C>G	2	5	1	-12.9397801045409
chr20	30831764	33	74	0.949974346097865	0.108	C>T	2	5	1	-12.9397801045409
chr20	30879781	37	52	0.949974346097865	0.115	C>G	2	5	1	-12.3273825397466
chr20	30985105	48	40	0.949974346097865	0.1	C>A	2	5	1	-13.6503623469229
chr20	31186369	40	40	0.792814231363569	0.125	G>T	2	4	1	-15.3080822393093
chr20	31186461	40	45	0.792814231363569	0.133	G>C	2	4	1	-14.5010185055487
chr20	60200602	57	41	0.792814231363569	0.39	C>T	2	4	2	-12.8681808154672
chr20	62583185	47	41	0.792814231363569	0.195	T>C	2	4	1	-11.0080046959964
chr21	5316678	36	53	1.04700820608642	0.132	T>C	2	6	1	-10.6365853141603
chr21	5316692	36	53	1.04700820608642	0.132	C>T	2	6	1	-10.6365853141603
chr21	6565933	62	45	1.34988831481837	0.133	A>G	2	7	1	-10.1829173473611
chr21	7951346	42	49	1.00868441457664	0.163	C>A	2	6	1	-10.301341719274
chr21	7957173	49	78	1.00868441457664	0.103	A>T	2	6	1	-11.8817626564356
chr21	7957231	49	48	1.00868441457664	0.167	C>A	2	6	1	-10.3172084404489
chr21	7957232	49	52	1.00868441457664	0.154	C>A	2	6	1	-10.3579340775625
chr21	7957247	49	69	1.00868441457664	0.188	G>C	2	6	1	-10.5533996743747
chr21	8698630	36	40	1.00868441457664	0.15	C>T	2	6	1	-10.3579340775625
chr21	8812000	56	65	1.00868441457664	0.108	G>A	2	6	1	-11.3933184348657
chr21	9297276	33	55	1.09406791471016	0.164	T>C	2	6	1	-10.2058499211112
chr21	9360299	44	59	1.09406791471016	0.119	G>A	2	6	1	-10.9075670927209
chr21	9575165	47	44	1.09406791471016	0.114	T>C	2	6	1	-11.297826636703
chr21	9575168	47	44	1.09406791471016	0.114	T>C	2	6	1	-11.297826636703
chr21	9575179	47	44	1.09406791471016	0.114	G>C	2	6	1	-11.297826636703
chr21	10157036	40	47	1.24116749137483	0.106	T>C	2	7	1	-10.5133022585078
chr21	10426524	48	88	1.24116749137483	0.125	G>T	2	7	1	-10.3046933554945
chr21	10669144	41	98	1.06176449638417	0.112	C>G	2	6	1	-11.3257621391971
chr21	10695983	40	61	1.06176449638417	0.164	G>C	2	6	1	-10.2337854236053
chr21	10695988	40	61	1.06176449638417	0.148	G>T	2	6	1	-10.2903777818938
chr21	10695999	40	57	1.06176449638417	0.158	T>C	2	6	1	-10.2337854236053
chr21	10696001	40	59	1.06176449638417	0.153	C>T	2	6	1	-10.2903777818938
chr21	10696017	40	63	1.06176449638417	0.127	A>T	2	6	1	-10.6365853141603
chr21	10696063	41	70	1.06176449638417	0.143	A>G	2	6	1	-10.423204701083
chr21	10696070	41	63	1.06176449638417	0.111	T>C	2	6	1	-11.3257621391971
chr21	10712621	43	70	1.06176449638417	0.1	A>C	2	6	1	-11.8142063607669
chr21	10757007	36	88	1.06176449638417	0.102	G>T	2	6	1	-11.8142063607669
chr21	12972059	38	56	1.36157331755112	0.107	G>A	2	8	1	-10.1578352822975
chr21	14497344	41	40	1.34081617690128	0.275	C>A	2	7	2	-10.4095667756156
chr21	16878081	30	41	1.34081617690128	0.39	C>T	2	7	3	-10.7730746278364
chr21	18211667	37	45	1.34081617690128	0.111	C>A	2	7	1	-10.5087928904604
chr21	21904742	29	45	1.34081617690128	0.133	T>A	2	7	1	-10.1829173473611
chr21	23710528	36	40	1.34081617690128	0.25	A>T	2	7	2	-10.6744725230972
chr21	24503620	26	47	1.34081617690128	0.128	T>C	2	7	1	-10.1829173473611
chr21	24696526	40	49	1.34081617690128	0.102	C>T	2	7	1	-10.8155864710615
chr21	24696531	40	48	1.34081617690128	0.104	A>T	2	7	1	-10.8155864710615
chr21	31314852	37	41	1.34081617690128	0.268	C>A	2	7	2	-10.4474987111867
chr21	35114575	43	46	1.34081617690128	0.37	T>A	2	7	3	-11.1567562004535
chr21	37728667	39	40	1.34081617690128	0.15	C>T	2	7	1	-10.200011097032
chr21	39944521	45	47	1.34081617690128	0.319	A>T	2	7	2	-10.7371273334535
chr21	40348263	43	86	1.34081617690128	0.14	C>A	2	7	1	-10.1511873752525
chr21	41806005	54	44	1.34081617690128	0.114	A>G	2	7	1	-10.5087928904604
chr21	42349488	56	50	1.34081617690128	0.1	A>G	2	7	1	-10.8155864710615
chr21	42349489	56	47	1.34081617690128	0.106	C>G	2	7	1	-10.5087928904604
chr21	43041132	53	42	1.34081617690128	0.405	C>A	2	7	3	-10.6438000842588
chr21	45026034	59	40	1.34081617690128	0.275	C>G	2	7	2	-10.4095667756156
chr21	45340517	47	44	1.34081617690128	0.136	C>T	2	7	1	-10.1511873752525
chr21	46193622	52	41	1.34081617690128	0.146	T>C	2	7	1	-10.200011097032
chr22	10719628	40	130	1.0912357400527	0.1	A>C	2	6	1	-11.7862708582728
chr22	10722228	41	50	1.0912357400527	0.12	T>A	2	6	1	-10.9075670927209
chr22	10722229	41	49	1.0912357400527	0.122	T>C	2	6	1	-10.9075670927209
chr22	10722242	41	50	1.0912357400527	0.1	C>A	2	6	1	-11.7862708582728
chr22	10724073	41	79	1.0912357400527	0.127	T>A	2	6	1	-10.6086498116663
chr22	10728773	39	73	1.0912357400527	0.123	A>T	2	6	1	-10.9075670927209
chr22	11328407	39	40	1.23208323693519	0.125	T>A	2	7	1	-10.3046933554945
chr22	11353150	42	55	1.23208323693519	0.109	T>C	2	7	1	-10.5133022585078
chr22	11838512	42	40	1.23208323693519	0.1	G>A	2	7	1	-10.820095839109
chr22	11933814	56	46	1.23208323693519	0.196	C>A	2	7	1	-11.5229925615789
chr22	12030818	28	47	1.23208323693519	0.213	G>T	2	7	2	-11.7749190263293
chr22	12158480	44	43	1.23208323693519	0.116	C>T	2	7	1	-10.3046933554945
chr22	12199144	38	54	1.23208323693519	0.111	C>A	2	7	1	-10.5133022585078
chr22	12206765	39	69	1.23208323693519	0.101	T>C	2	7	1	-10.820095839109
chr22	12206800	39	70	1.23208323693519	0.114	G>A	2	7	1	-10.5133022585078
chr22	12206846	39	62	1.23208323693519	0.113	C>A	2	7	1	-10.5133022585078
chr22	12600671	38	52	1.07127230192831	0.154	A>C	2	6	1	-10.2624422793997
chr22	12600690	38	43	1.07127230192831	0.186	C>G	2	6	1	-10.457907876212
chr22	12600706	38	47	1.07127230192831	0.149	T>C	2	6	1	-10.2624422793997
chr22	12600715	38	53	1.07127230192831	0.151	A>G	2	6	1	-10.2624422793997
chr22	12600766	38	52	1.07127230192831	0.154	T>G	2	6	1	-10.2624422793997
chr22	12603061	37	42	1.07127230192831	0.167	A>G	2	6	1	-10.2217166422862
chr22	12606400	32	56	1.07127230192831	0.107	A>T	2	6	1	-11.297826636703
chr22	12718358	33	49	0.996506229981959	0.184	G>A	2	6	1	-10.4022097665105
chr22	15952620	38	49	0.919828099670766	0.122	G>A	2	5	1	-12.2925142422135
chr22	16351190	40	50	0.919828099670766	0.1	T>A	2	5	1	-13.6154940493899
chr22	16403430	53	51	0.919828099670766	0.137	T>A	2	5	1	-11.3359403064572
chr22	16528678	65	45	0.919828099670766	0.133	C>T	2	5	1	-11.7714589403467
chr22	16528715	65	42	0.919828099670766	0.119	G>A	2	5	1	-12.2925142422135
chr22	19947434	53	43	0.919828099670766	0.116	T>A	2	5	1	-12.2925142422135
chr22	42751185	56	41	0.919828099670766	0.146	G>A	2	5	1	-10.9809753664558
chr22	42751191	56	41	0.919828099670766	0.146	G>C	2	5	1	-10.9809753664558
chrX	269365	60	51	1.30208783892573	0.176	T>C	2	7	1	-10.7892387088862
chrX	269403	60	51	1.30208783892573	0.157	G>C	2	7	1	-10.3250693797122
chrX	270051	57	97	1.30208783892573	0.124	C>T	2	7	1	-10.300183987447
chrX	270220	57	51	1.30208783892573	0.137	G>A	2	7	1	-10.1511873752525
chrX	270669	57	41	1.30208783892573	0.146	A>G	2	7	1	-10.200011097032
chrX	310243	55	78	1.30208783892573	0.321	C>A	2	7	2	-10.7371273334535
chrX	689520	47	46	1.30208783892573	0.109	T>C	2	7	1	-10.5087928904604
chrX	689522	47	47	1.30208783892573	0.106	T>C	2	7	1	-10.5087928904604
chrX	689524	47	48	1.30208783892573	0.104	A>T	2	7	1	-10.8155864710615
chrX	729573	58	44	1.30208783892573	0.205	G>A	2	7	1	-11.5184831935314
chrX	729649	58	54	1.30208783892573	0.148	G>A	2	7	1	-10.200011097032
chrX	870813	49	44	1.30208783892573	0.25	T>A	2	7	2	-10.6744725230972
chrX	870819	49	44	1.30208783892573	0.273	C>A	2	7	2	-10.4474987111867
chrX	870825	49	43	1.30208783892573	0.279	G>A	2	7	2	-10.4095667756156
chrX	1093867	52	42	1.30208783892573	0.119	T>C	2	7	1	-10.300183987447
chrX	1296974	59	40	1.30208783892573	0.1	C>A	2	7	1	-10.8155864710615
chrX	2382657	46	59	1.30208783892573	0.169	C>T	2	7	1	-10.5225867418558
chrX	2382708	46	45	1.30208783892573	0.111	C>T	2	7	1	-10.5087928904604
chrX	62513382	38	56	1.27566537185903	0.107	C>T	2	7	1	-10.4909613580084
chrX	62513841	38	47	1.27566537185903	0.277	T>A	2	7	2	-10.3917352431636
chrX	62513864	38	45	1.27566537185903	0.267	C>T	2	7	2	-10.4296671787347
chrX	155832415	35	41	1.31963397387757	0.195	G>A	2	7	1	-11.5184831935314
chrY	9462573	38	49	1.34941653381306	0.143	G>C	2	7	1	-10.1511873752525
chrY	10686648	46	54	1.50319984715231	0.111	C>T	2	8	1	-10.1300721691444
chrY	10691383	30	41	1.50319984715231	0.195	A>T	2	8	2	-10.9535537474669
chrY	10744283	37	50	1.47834888753274	0.12	A>C	2	8	1	-10.0751344446304
chrY	10760411	45	48	1.47834888753274	0.229	A>T	2	8	2	-10.4223504497597
chrY	10764597	46	42	1.47834888753274	0.119	T>C	2	8	1	-10.0751344446304
chrY	10789495	45	46	1.47834888753274	0.239	A>G	2	8	2	-10.3585724946248
chrY	10799485	46	45	1.47834888753274	0.356	C>A	2	8	3	-10.4931823378414
chrY	10799516	46	42	1.47834888753274	0.262	A>G	2	8	2	-10.3912706764335
chrY	10799535	46	40	1.47834888753274	0.325	C>A	2	8	3	-11.0602580391266
chrY	10821896	46	44	1.47834888753274	0.136	C>T	2	8	1	-10.2334801894348
chrY	10851109	44	41	1.47834888753274	0.146	G>C	2	8	1	-10.4359750897137
chrY	10965618	32	52	1.47834888753274	0.173	C>A	2	8	1	-11.0658930915365
chrY	10983483	48	40	1.47834888753274	0.15	T>C	2	8	1	-10.4359750897137
chrY	10983492	48	42	1.47834888753274	0.238	A>T	2	8	2	-10.3585724946248
chrY	10983493	48	42	1.47834888753274	0.143	T>C	2	8	1	-10.2334801894348
chrY	10983498	48	41	1.47834888753274	0.146	T>C	2	8	1	-10.4359750897137
chrY	10983500	48	42	1.47834888753274	0.143	C>A	2	8	1	-10.2334801894348
chrY	10983501	48	43	1.47834888753274	0.14	C>T	2	8	1	-10.2334801894348
chrY	10983515	48	45	1.47834888753274	0.222	C>G	2	8	2	-10.5415914241494
chrY	10983516	48	44	1.47834888753274	0.136	C>T	2	8	1	-10.2334801894348
chrY	10983517	48	44	1.47834888753274	0.136	A>G	2	8	1	-10.2334801894348
chrY	10983525	48	46	1.47834888753274	0.217	G>C	2	8	2	-10.5415914241494
chrY	10983528	48	47	1.47834888753274	0.213	T>A	2	8	2	-10.7180231868873
chrY	10983550	48	48	1.47834888753274	0.167	G>T	2	8	1	-11.0658930915365
chrY	10983552	48	48	1.47834888753274	0.375	G>C	2	8	3	-10.4693843750486
chrY	10983555	48	49	1.47834888753274	0.367	T>G	2	8	3	-10.4600750544199
chrY	10983562	48	51	1.47834888753274	0.157	C>T	2	8	1	-10.7147045508934
chrY	10983563	48	50	1.47834888753274	0.16	T>C	2	8	1	-10.7147045508934
chrY	10983569	48	49	1.47834888753274	0.163	A>T	2	8	1	-10.7147045508934
chrY	10983575	48	48	1.47834888753274	0.208	C>G	2	8	2	-10.7180231868873
chrY	10983576	48	47	1.47834888753274	0.191	C>A	2	8	2	-11.2502969922145
chrY	10983587	48	50	1.47834888753274	0.2	T>A	2	8	2	-10.9535537474669
chrY	10983605	48	43	1.47834888753274	0.163	C>G	2	8	1	-10.7147045508934
chrY	11280048	32	61	1.33472752289696	0.164	T>A	2	7	1	-10.3250693797122
chrY	11280069	32	68	1.33472752289696	0.162	G>A	2	7	1	-10.3250693797122
chrY	11289226	30	60	1.33472752289696	0.183	C>T	2	7	1	-10.7892387088862
chrY	11291033	44	45	1.33472752289696	0.133	C>T	2	7	1	-10.1829173473611
chrY	11311130	47	54	1.33472752289696	0.13	A>G	2	7	1	-10.1829173473611
chrY	11326750	46	47	1.99773564249871	0.106	A>C	2	11	1	-10.1899670027813
chrY	11331146	56	62	1.99773564249871	0.129	C>A	2	11	1	-10.883056340121
chrY	11331149	56	61	1.99773564249871	0.131	T>G	2	11	1	-10.883056340121
chrY	11383658	40	40	1.36103613996861	0.35	G>A	2	8	3	-10.5969558951401
chrY	11690389	38	85	1.36103613996861	0.106	A>C	2	8	1	-10.1578352822975
chrY	20277640	42	41	1.33089917990209	0.293	A>T	2	7	2	-10.4205194819881
chrY	20348163	44	53	1.33089917990209	0.208	G>C	2	7	2	-11.7704096582818
chrY	26436833	33	43	1.36619943133551	0.14	G>A	2	8	1	-10.261243302588
chrY	26646211	43	41	1.31696498252927	0.195	C>G	2	7	1	-11.5184831935314
chrY	26658023	43	48	1.31696498252927	0.125	A>G	2	7	1	-10.300183987447
chrY	26658032	43	47	1.31696498252927	0.128	G>C	2	7	1	-10.1829173473611
chrY	26659746	43	95	1.31696498252927	0.105	A>C	2	7	1	-10.8155864710615
chrY	56684096	37	74	3.185	0.189	T>C	2	17	3	-10.1728789764718
chrY	56750061	38	47	1.539244306667	0.106	G>A	2	9	1	-10.035357499399
chrY	56829405	43	61	1.27918481851386	0.115	C>T	2	7	1	-10.282352454995
chrY	56829406	43	62	1.27918481851386	0.113	A>G	2	7	1	-10.4909613580084
chrY	56830009	48	62	1.27918481851386	0.129	T>A	2	7	1	-10.1650858149091
