chromosome	position	GC.percent	good.reads	adjusted.ratio	F	mutation	CNn	CNt	Mt	LPP
chr1	1595544	52	41	1.16438519776473	0.171	C>G	2	7	1	-10.570983816077
chr1	2522958	49	65	1.16438519776473	0.138	T>A	2	7	1	-10.1353284055863
chr1	2688369	64	54	1.16438519776473	0.185	C>T	2	7	1	-10.8590544644031
chr1	2748619	62	65	1.16438519776473	0.2	C>T	2	7	1	-11.6311363116399
chr1	2754753	63	45	1.16438519776473	0.156	G>C	2	7	1	-10.3520477726376
chr1	3999659	60	42	1.16438519776473	0.167	G>A	2	7	1	-10.570983816077
chr1	4064567	48	45	1.16438519776473	0.111	T>G	2	7	1	-10.4286778769068
chr1	4144434	45	45	1.16438519776473	0.111	T>C	2	7	1	-10.4286778769068
chr1	5047434	51	46	1.16438519776473	0.152	A>C	2	7	1	-10.2055708086616
chr1	5160226	42	55	1.16438519776473	0.109	C>T	2	7	1	-10.4286778769068
chr1	12895509	55	42	1.16438519776473	0.19	C>A	2	7	1	-11.2133136945319
chr1	13182900	42	40	1.16438519776473	0.175	G>T	2	7	1	-10.8590544644031
chr1	13186160	41	41	1.16438519776473	0.122	G>T	2	7	1	-10.2414876551892
chr1	13232270	46	58	1.16438519776473	0.19	G>A	2	7	1	-11.2133136945319
chr1	13331528	42	51	1.16438519776473	0.216	C>T	2	7	2	-11.2392624692879
chr1	13344577	47	47	1.16438519776473	0.106	A>G	2	7	1	-10.4286778769068
chr1	13389082	52	45	1.17117455966533	0.178	C>G	2	7	1	-10.8590544644031
chr1	13389099	52	45	1.17117455966533	0.178	T>C	2	7	1	-10.8590544644031
chr1	16757281	52	65	1.17117455966533	0.108	C>A	2	7	1	-10.4286778769068
chr1	16854995	46	46	1.17117455966533	0.13	A>T	2	7	1	-10.1456396963991
chr1	17877035	49	49	1.17117455966533	0.204	C>T	2	7	1	-11.6311363116399
chr1	18315833	50	48	1.17117455966533	0.104	A>G	2	7	1	-10.7140527762122
chr1	21465328	42	49	1.17117455966533	0.265	A>G	2	7	2	-10.4648628708796
chr1	23987186	54	40	1.17117455966533	0.125	C>T	2	7	1	-10.2414876551892
chr1	24830930	30	42	1.17117455966533	0.19	G>T	2	7	1	-11.2133136945319
chr1	25330182	39	46	1.17117455966533	0.109	C>T	2	7	1	-10.4286778769068
chr1	28051597	38	51	1.17117455966533	0.216	G>A	2	7	2	-11.2392624692879
chr1	29159781	39	42	1.17117455966533	0.119	T>C	2	7	1	-10.2414876551892
chr1	35010167	45	44	1.17117455966533	0.432	G>T	2	7	3	-10.5095979832636
chr1	35121354	56	40	1.17117455966533	0.15	A>G	2	7	1	-10.2055708086616
chr1	35121367	56	42	1.17117455966533	0.143	C>T	2	7	1	-10.1353284055863
chr1	39904517	43	41	1.17117455966533	0.171	C>T	2	7	1	-10.570983816077
chr1	48076467	42	43	1.17117455966533	0.349	A>G	2	7	3	-11.4624257159038
chr1	49184930	39	44	1.17117455966533	0.182	G>A	2	7	1	-10.8590544644031
chr1	53411625	47	48	1.17117455966533	0.146	T>A	2	7	1	-10.2055708086616
chr1	62180916	41	48	1.03169171089033	0.208	C>T	2	6	1	-11.0731243311259
chr1	66740914	34	40	1.03169171089033	0.275	C>T	2	6	2	-10.8777595668882
chr1	70445350	37	41	1.03169171089033	0.244	T>C	2	6	2	-12.0951290329877
chr1	75479674	38	40	1.03169171089033	0.15	A>G	2	6	1	-10.2331538906847
chr1	75994473	37	49	1.03169171089033	0.102	T>C	2	6	1	-11.6288278280797
chr1	82069470	47	44	1.03169171089033	0.159	G>T	2	6	1	-10.2021924606918
chr1	83363344	37	47	1.03169171089033	0.128	A>G	2	6	1	-10.52809956636
chr1	101420119	37	53	1.03169171089033	0.358	G>A	2	6	2	-10.7382464586698
chr1	106809807	50	53	1.03169171089033	0.189	G>T	2	6	1	-10.5311432006794
chr1	108027727	43	47	1.03169171089033	0.213	T>C	2	6	1	-11.0731243311259
chr1	108970160	31	43	1.03169171089033	0.302	T>G	2	6	2	-10.5670881739827
chr1	116490376	47	43	1.03169171089033	0.209	C>G	2	6	1	-11.0731243311259
chr1	120491908	46	40	1.01498828993674	0.1	G>T	2	6	1	-11.6244610964606
chr1	121773476	39	103	1.01498828993674	0.117	A>G	2	6	1	-10.7970191874999
chr1	122605584	39	75	1.22491064415877	0.16	T>A	2	7	1	-10.3646556164278
chr1	122605656	39	46	1.22491064415877	0.261	A>T	2	7	2	-10.4774707146698
chr1	122687173	39	40	1.22491064415877	0.15	C>T	2	7	1	-10.2181786524518
chr1	122790743	38	101	1.22491064415877	0.129	T>G	2	7	1	-10.1582475401893
chr1	122910599	40	50	1.22491064415877	0.1	T>A	2	7	1	-10.7266606200024
chr1	122950848	39	43	1.22491064415877	0.163	T>A	2	7	1	-10.3646556164278
chr1	123098476	39	63	1.22491064415877	0.127	A>T	2	7	1	-10.1582475401893
chr1	123168785	39	52	1.22491064415877	0.212	C>A	2	7	2	-11.5843217884891
chr1	123213815	38	50	1.22491064415877	0.14	G>A	2	7	1	-10.1479362493765
chr1	123253461	39	43	1.22491064415877	0.186	C>A	2	7	1	-11.2259215383221
chr1	123261335	39	70	1.22491064415877	0.129	G>C	2	7	1	-10.1582475401893
chr1	123267023	39	49	1.22491064415877	0.143	C>G	2	7	1	-10.1479362493765
chr1	123267044	39	48	1.22491064415877	0.167	T>A	2	7	1	-10.5835916598672
chr1	123269181	40	43	1.22491064415877	0.116	T>C	2	7	1	-10.2540954989794
chr1	123310544	39	75	1.22491064415877	0.12	C>T	2	7	1	-10.2540954989794
chr1	123339971	39	50	1.22491064415877	0.1	A>G	2	7	1	-10.7266606200024
chr1	123377651	38	57	1.22491064415877	0.123	G>T	2	7	1	-10.2540954989794
chr1	123640392	39	42	1.20347442135197	0.214	G>T	2	7	2	-11.5843217884891
chr1	123640419	39	53	1.20347442135197	0.17	T>C	2	7	1	-10.5835916598672
chr1	123640420	39	56	1.20347442135197	0.161	A>G	2	7	1	-10.3646556164278
chr1	123640422	39	56	1.20347442135197	0.161	T>A	2	7	1	-10.3646556164278
chr1	123758868	39	47	1.20347442135197	0.149	G>T	2	7	1	-10.2181786524518
chr1	123797690	39	79	1.20347442135197	0.101	A>G	2	7	1	-10.7266606200024
chr1	123798748	39	46	1.20347442135197	0.13	T>G	2	7	1	-10.1582475401893
chr1	123815630	40	50	1.20347442135197	0.12	G>A	2	7	1	-10.2540954989794
chr1	123822965	40	48	1.20347442135197	0.104	A>T	2	7	1	-10.7266606200024
chr1	124010064	38	71	1.20347442135197	0.141	T>G	2	7	1	-10.1479362493765
chr1	124026642	40	108	1.20347442135197	0.269	G>A	2	7	2	-10.4151964111677
chr1	124101157	39	53	1.20347442135197	0.151	T>C	2	7	1	-10.2181786524518
chr1	124105181	39	42	1.20347442135197	0.143	T>A	2	7	1	-10.1479362493765
chr1	124105199	39	42	1.20347442135197	0.119	A>G	2	7	1	-10.2540954989794
chr1	124227416	39	50	1.20347442135197	0.12	G>C	2	7	1	-10.2540954989794
chr1	124280154	40	51	1.20347442135197	0.137	C>A	2	7	1	-10.1479362493765
chr1	124280157	40	50	1.20347442135197	0.14	G>T	2	7	1	-10.1479362493765
chr1	124418069	39	48	1.20347442135197	0.104	T>C	2	7	1	-10.7266606200024
chr1	124480156	39	48	1.20347442135197	0.208	C>A	2	7	2	-11.5843217884891
chr1	124503555	39	56	1.20347442135197	0.143	C>A	2	7	1	-10.1479362493765
chr1	124584735	39	51	1.20347442135197	0.176	C>G	2	7	1	-10.8716623081933
chr1	124686794	39	70	1.20347442135197	0.114	G>A	2	7	1	-10.441285720697
chr1	124705803	40	113	1.20347442135197	0.124	G>C	2	7	1	-10.2540954989794
chr1	124783426	39	61	1.20347442135197	0.115	T>A	2	7	1	-10.2540954989794
chr1	124783433	39	58	1.20347442135197	0.121	C>G	2	7	1	-10.2540954989794
chr1	124809096	42	50	1.20347442135197	0.12	T>C	2	7	1	-10.2540954989794
chr1	125074209	35	70	1.18692541788677	0.186	G>C	2	7	1	-11.2133136945319
chr1	125118030	62	60	1.18692541788677	0.1	C>T	2	7	1	-10.7140527762122
chr1	125168195	35	118	0.969896327572388	0.119	G>A	2	6	1	-10.8322577104732
chr1	143199177	38	57	1.08020244523792	0.105	C>G	2	6	1	-11.6728153528734
chr1	143199236	38	48	1.08020244523792	0.104	G>A	2	6	1	-11.6728153528734
chr1	143224748	37	46	1.02359072175154	0.109	G>T	2	6	1	-11.1660145348055
chr1	143237065	37	92	1.02359072175154	0.12	T>C	2	6	1	-10.801385919119
chr1	143271329	36	40	1.02359072175154	0.1	G>C	2	6	1	-11.6288278280797
chr1	143271340	36	40	1.02359072175154	0.1	T>A	2	6	1	-11.6288278280797
chr1	143275898	37	48	1.02359072175154	0.125	G>C	2	6	1	-10.801385919119
chr1	143304366	32	64	1.02359072175154	0.281	A>G	2	6	2	-10.8777595668882
chr1	143311222	27	85	1.02359072175154	0.106	C>T	2	6	1	-11.1660145348055
chr1	143540205	37	52	1.02359072175154	0.192	A>G	2	6	1	-10.5311432006794
chr1	143540238	37	46	1.02359072175154	0.435	T>C	2	6	3	-10.9579081167336
chr1	143540243	37	50	1.02359072175154	0.16	C>T	2	6	1	-10.2021924606918
chr1	143540246	37	51	1.02359072175154	0.196	G>A	2	6	1	-10.7715274238186
chr1	143540281	37	51	1.02359072175154	0.196	A>T	2	6	1	-10.7715274238186
chr1	143540293	37	44	1.02359072175154	0.136	T>G	2	6	1	-10.3403498815783
chr1	143540295	37	48	1.02359072175154	0.271	C>G	2	6	2	-11.1059238021097
chr1	143540296	37	47	1.02359072175154	0.106	C>A	2	6	1	-11.1660145348055
chr1	143540299	37	43	1.02359072175154	0.116	A>T	2	6	1	-10.801385919119
chr1	143540310	37	50	1.02359072175154	0.14	C>T	2	6	1	-10.3403498815783
chr1	143540315	37	50	1.02359072175154	0.18	C>T	2	6	1	-10.3543223645196
chr1	145314241	44	47	1.02359072175154	0.106	G>C	2	6	1	-11.1660145348055
chr1	160696367	36	65	1.02359072175154	0.154	C>T	2	6	1	-10.2331538906847
chr1	166707112	40	40	1.02359072175154	0.225	G>A	2	6	1	-11.4338200362748
chr1	171798953	48	41	1.02359072175154	0.439	C>T	2	6	3	-10.9579081167336
chr1	191262318	37	43	1.02359072175154	0.186	T>C	2	6	1	-10.5311432006794
chr1	201209613	50	57	1.02359072175154	0.123	A>G	2	6	1	-10.801385919119
chr1	212521193	46	41	1.02359072175154	0.195	C>A	2	6	1	-10.7715274238186
chr1	224013793	42	91	1.02359072175154	0.11	T>G	2	6	1	-11.1660145348055
chr1	246072143	46	50	1.02359072175154	0.14	G>A	2	6	1	-10.3403498815783
chr1	246817959	38	56	1.02359072175154	0.125	A>G	2	6	1	-10.801385919119
chr2	740196	69	45	1.32995671044935	0.111	C>T	2	8	1	-10.1063878458861
chr2	1480744	48	47	1.32995671044935	0.17	G>C	2	8	1	-11.1525820807126
chr2	16226584	50	41	1.32995671044935	0.195	C>T	2	8	2	-10.8535790549893
chr2	87400194	51	42	1.32995671044935	0.119	C>T	2	8	1	-10.0698456734445
chr2	87400210	51	40	1.32995671044935	0.1	C>T	2	8	1	-10.2411146959154
chr2	87415764	67	53	1.32995671044935	0.113	A>G	2	8	1	-10.1063878458861
chr2	88772068	42	41	1.32995671044935	0.122	C>G	2	8	1	-10.0698456734445
chr2	88772071	42	40	1.32995671044935	0.125	T>C	2	8	1	-10.0698456734445
chr2	89035764	44	49	1.33689776123916	0.163	A>C	2	8	1	-10.7829979879971
chr2	89035780	44	46	1.33689776123916	0.152	T>C	2	8	1	-10.485872974745
chr2	89035786	44	44	1.33689776123916	0.159	G>A	2	8	1	-10.7829979879971
chr2	89035800	44	44	1.33689776123916	0.159	T>C	2	8	1	-10.7829979879971
chr2	89046700	45	42	1.33689776123916	0.214	A>G	2	8	2	-10.6394671757054
chr2	89046718	45	41	1.33689776123916	0.171	G>A	2	8	1	-11.1525820807126
chr2	89046723	45	46	1.33689776123916	0.196	T>C	2	8	2	-10.8535790549893
chr2	89046753	45	40	1.33689776123916	0.2	T>C	2	8	2	-10.8535790549893
chr2	89639186	39	52	1.33689776123916	0.135	A>G	2	8	1	-10.2649825223937
chr2	89639261	39	42	1.33689776123916	0.143	A>G	2	8	1	-10.2649825223937
chr2	89670963	32	51	1.33689776123916	0.176	G>A	2	8	2	-11.4677915688723
chr2	89670964	32	51	1.33689776123916	0.294	G>T	2	8	2	-10.9141315775277
chr2	89670971	32	52	1.33689776123916	0.288	G>A	2	8	2	-10.9141315775277
chr2	89670974	32	51	1.33689776123916	0.255	T>A	2	8	2	-10.4198080717306
chr2	89673318	38	48	1.33689776123916	0.104	C>T	2	8	1	-10.2411146959154
chr2	89673336	38	46	1.33689776123916	0.109	A>G	2	8	1	-10.1063878458861
chr2	89786203	36	42	1.33689776123916	0.167	G>A	2	8	1	-11.1525820807126
chr2	89786205	36	43	1.33689776123916	0.163	A>T	2	8	1	-10.7829979879971
chr2	89786223	36	46	1.33689776123916	0.152	T>G	2	8	1	-10.485872974745
chr2	89786225	36	44	1.33689776123916	0.182	A>T	2	8	2	-11.4677915688723
chr2	89810268	37	50	1.33689776123916	0.1	T>C	2	8	1	-10.2411146959154
chr2	89810272	37	48	1.33689776123916	0.104	A>T	2	8	1	-10.2411146959154
chr2	89810281	37	48	1.33689776123916	0.104	C>G	2	8	1	-10.2411146959154
chr2	89832442	40	40	1.33689776123916	0.1	T>C	2	8	1	-10.2411146959154
chr2	89835972	39	52	1.33689776123916	0.154	A>T	2	8	1	-10.485872974745
chr2	89838143	41	54	1.33689776123916	0.111	A>T	2	8	1	-10.1063878458861
chr2	89840408	39	50	1.33689776123916	0.12	A>T	2	8	1	-10.0698456734445
chr2	90374682	27	54	1.33689776123916	0.204	A>C	2	8	2	-10.8535790549893
chr2	90386578	38	55	1.33689776123916	0.109	G>A	2	8	1	-10.1063878458861
chr2	90386615	38	56	1.33689776123916	0.107	A>C	2	8	1	-10.1063878458861
chr2	91422182	37	44	1.33689776123916	0.136	C>T	2	8	1	-10.2649825223937
chr2	91422941	37	60	1.33689776123916	0.1	A>T	2	8	1	-10.2411146959154
chr2	91426661	33	57	1.33689776123916	0.123	C>G	2	8	1	-10.0698456734445
chr2	91426996	34	74	1.33689776123916	0.162	G>A	2	8	1	-10.7829979879971
chr2	91426998	34	76	1.33689776123916	0.158	T>G	2	8	1	-10.7829979879971
chr2	91427043	37	81	1.33689776123916	0.123	C>T	2	8	1	-10.0698456734445
chr2	91427063	37	81	1.33689776123916	0.148	G>A	2	8	1	-10.485872974745
chr2	91442741	67	51	1.33689776123916	0.196	G>T	2	8	2	-10.8535790549893
chr2	91442742	67	52	1.33689776123916	0.212	A>C	2	8	2	-10.6394671757054
chr2	91442743	67	55	1.33689776123916	0.164	C>T	2	8	1	-10.7829979879971
chr2	91442793	67	90	1.33689776123916	0.267	T>C	2	8	2	-10.5349721621973
chr2	91442801	67	86	1.33689776123916	0.233	T>G	2	8	2	-10.3866318011695
chr2	91442810	67	80	1.33689776123916	0.275	A>C	2	8	2	-10.7001095488907
chr2	91442815	67	81	1.33689776123916	0.272	T>C	2	8	2	-10.5349721621973
chr2	91442818	67	79	1.33689776123916	0.253	T>C	2	8	2	-10.3558073295788
chr2	91442840	67	84	1.33689776123916	0.202	G>A	2	8	2	-10.8535790549893
chr2	91442841	67	81	1.33689776123916	0.259	T>A	2	8	2	-10.4198080717306
chr2	91442848	67	88	1.33689776123916	0.239	C>G	2	8	2	-10.3442725273303
chr2	91442868	67	77	1.33689776123916	0.195	G>C	2	8	2	-10.8535790549893
chr2	91442875	67	75	1.33689776123916	0.173	G>A	2	8	1	-11.1525820807126
chr2	91442879	67	80	1.33689776123916	0.188	C>G	2	8	2	-11.1289036184411
chr2	91442894	67	68	1.33689776123916	0.132	G>A	2	8	1	-10.1246457639304
chr2	91442904	67	54	1.33689776123916	0.167	A>G	2	8	1	-11.1525820807126
chr2	91467227	35	74	1.33689776123916	0.135	G>T	2	8	1	-10.2649825223937
chr2	91498133	57	43	1.63381475226617	0.116	C>T	2	10	1	-10.2971742875808
chr2	91873832	42	44	1.34749596279501	0.136	A>G	2	8	1	-10.2649825223937
chr2	91873885	42	45	1.34749596279501	0.111	T>C	2	8	1	-10.1063878458861
chr2	91890249	26	42	1.34749596279501	0.286	T>C	2	8	2	-10.9141315775277
chr2	91944717	46	59	1.34749596279501	0.22	C>A	2	8	2	-10.4844540942633
chr2	91986417	64	49	1.34749596279501	0.184	T>C	2	8	2	-11.4677915688723
chr2	91986426	64	53	1.34749596279501	0.151	G>T	2	8	1	-10.485872974745
chr2	91994926	39	40	1.34749596279501	0.175	C>T	2	8	2	-11.4677915688723
chr2	92544284	39	69	1.34749596279501	0.13	G>T	2	8	1	-10.1246457639304
chr2	92551927	39	44	1.34749596279501	0.114	G>A	2	8	1	-10.1063878458861
chr2	92709509	39	45	1.34749596279501	0.244	A>T	2	8	2	-10.3442725273303
chr2	94145731	37	41	1.43708352177056	0.195	G>A	2	9	2	-10.3939308396007
chr2	94531215	39	50	1.47172794218572	0.16	A>T	2	9	2	-11.252902288381
chr2	94531220	39	50	1.47172794218572	0.16	A>C	2	9	2	-11.252902288381
chr2	94531243	39	46	1.47172794218572	0.174	C>T	2	9	2	-10.9293392005366
chr2	94531245	39	48	1.47172794218572	0.167	A>G	2	9	2	-10.9293392005366
chr2	94531270	39	54	1.47172794218572	0.148	A>C	2	9	1	-10.9199428402341
chr2	94531314	39	48	1.47172794218572	0.167	C>G	2	9	2	-10.9293392005366
chr2	94563672	36	42	1.47172794218572	0.19	T>C	2	9	2	-10.4866708164237
chr2	94563673	36	41	1.47172794218572	0.195	G>A	2	9	2	-10.3619943022479
chr2	94563679	36	41	1.47172794218572	0.195	G>C	2	9	2	-10.3619943022479
chr2	94563680	36	42	1.47172794218572	0.19	G>A	2	9	2	-10.4866708164237
chr2	94742458	37	41	1.66341689856125	0.122	C>T	2	10	1	-10.2971742875808
chr2	95041562	46	53	1.66341689856125	0.132	A>T	2	10	1	-10.5985994659842
chr2	95938725	32	105	1.66341689856125	0.105	T>A	2	10	1	-9.97519313421656
chr2	97158419	39	53	1.30672671695417	0.132	G>A	2	8	1	-10.1246457639304
chr2	131209705	56	48	1.30672671695417	0.271	A>G	2	8	2	-10.5349721621973
chr2	132040571	35	48	1.30672671695417	0.208	G>T	2	8	2	-10.6394671757054
chr2	161280153	44	55	1.30672671695417	0.273	C>G	2	8	2	-10.5349721621973
chr2	174290802	39	42	1.30672671695417	0.19	A>G	2	8	2	-11.1289036184411
chr2	240185638	49	42	1.30672671695417	0.238	G>A	2	8	2	-10.3442725273303
chr2	241590490	57	43	1.30672671695417	0.116	G>A	2	8	1	-10.0698456734445
chr2	241590700	57	54	1.30672671695417	0.111	C>G	2	8	1	-10.1063878458861
chr2	241590709	57	49	1.30672671695417	0.184	A>T	2	8	2	-11.4677915688723
chr2	241590714	57	45	1.30672671695417	0.178	A>G	2	8	2	-11.4677915688723
chr3	5242697	43	42	1.00634327175037	0.333	C>T	2	6	2	-10.4471147465472
chr3	5242699	43	42	1.00634327175037	0.333	C>T	2	6	2	-10.4471147465472
chr3	5242704	43	44	1.00634327175037	0.318	C>T	2	6	2	-10.4400241945052
chr3	5242710	43	43	1.00634327175037	0.302	G>C	2	6	2	-10.5627214423636
chr3	75674533	47	42	1.05965927600073	0.143	G>A	2	6	1	-10.3403498815783
chr3	75675772	49	53	1.05965927600073	0.113	G>C	2	6	1	-11.1660145348055
chr3	75695193	28	45	1.05965927600073	0.267	A>G	2	6	2	-11.1059238021097
chr3	75705996	41	81	1.05965927600073	0.111	G>A	2	6	1	-11.1660145348055
chr3	75860704	37	44	1.05965927600073	0.159	A>G	2	6	1	-10.2021924606918
chr3	90304882	38	43	1.05965927600073	0.14	A>T	2	6	1	-10.3403498815783
chr3	90802373	38	44	1.05965927600073	0.273	A>G	2	6	2	-11.1059238021097
chr3	91544837	38	56	0.986300201310479	0.107	C>G	2	6	1	-11.1616478031864
chr3	98149529	36	45	0.958820368191519	0.289	C>A	2	6	2	-10.7293517649645
chr3	100475166	37	43	0.958820368191519	0.163	G>T	2	6	1	-10.233064252046
chr3	100475173	37	42	0.958820368191519	0.167	T>C	2	6	1	-10.2745619015166
chr3	101698663	40	68	0.958820368191519	0.118	A>G	2	6	1	-10.8322577104732
chr3	110636392	41	46	0.958820368191519	0.13	T>C	2	6	1	-10.5589713577142
chr3	111524801	41	46	0.958820368191519	0.109	C>G	2	6	1	-11.1968863261597
chr3	116282241	40	50	0.958820368191519	0.22	G>T	2	6	1	-11.464691827629
chr3	116567039	37	45	0.958820368191519	0.333	C>T	2	6	2	-10.4823532695204
chr3	120724648	39	47	0.958820368191519	0.234	A>C	2	6	1	-11.8825783211262
chr3	126383841	38	40	0.964741166704004	0.125	C>T	2	6	1	-10.8322577104732
chr3	130927240	44	40	1.00286389169457	0.1	T>A	2	6	1	-11.6244610964606
chr3	131134622	36	43	1.00286389169457	0.349	A>G	2	6	2	-10.5946573627386
chr3	140363597	41	44	1.00286389169457	0.182	G>T	2	6	1	-10.3499556329005
chr3	140908353	41	42	1.00286389169457	0.286	T>C	2	6	2	-10.6941132419912
chr3	142339978	44	42	1.00286389169457	0.357	G>T	2	6	2	-10.7338797270507
chr3	143472894	38	45	1.00286389169457	0.2	G>A	2	6	1	-10.7671606921996
chr3	156446540	43	40	1.0450724249216	0.225	C>G	2	6	1	-11.4338200362748
chr3	162730287	32	40	1.0450724249216	0.35	A>G	2	6	2	-10.5990240943577
chr3	163967654	34	50	1.0450724249216	0.24	C>A	2	6	2	-12.0951290329877
chr3	165060383	29	44	1.0450724249216	0.182	C>A	2	6	1	-10.3543223645196
chr3	179637032	45	44	1.13248563197623	0.159	C>T	2	7	1	-10.3792952727365
chr3	181279399	32	48	1.13248563197623	0.125	C>T	2	7	1	-10.2687351552882
chr3	182264703	36	45	1.13248563197623	0.133	G>A	2	7	1	-10.1728871964981
chr3	183149945	40	40	1.13248563197623	0.2	G>A	2	7	1	-11.6583838117389
chr3	188342516	34	40	1.13248563197623	0.125	A>T	2	7	1	-10.2687351552882
chr3	192249400	36	57	1.13248563197623	0.263	T>C	2	7	2	-10.4921103709786
chr3	192404464	34	47	1.13248563197623	0.106	A>G	2	7	1	-10.4559253770058
chr3	194625374	55	41	1.13248563197623	0.122	A>C	2	7	1	-10.2687351552882
chr3	194880786	56	40	1.13248563197623	0.25	T>C	2	7	2	-10.6055480227957
chr3	195487732	41	59	1.39951474722044	0.254	G>A	2	8	2	-10.358069934492
chr3	195490973	41	51	1.39951474722044	0.176	T>G	2	8	2	-11.4700541737855
chr3	195711208	51	45	1.00440561838618	0.111	C>G	2	6	1	-11.1616478031864
chr3	195780221	59	41	1.00440561838618	0.146	T>A	2	6	1	-10.2287871590656
chr3	195780238	59	45	1.00440561838618	0.111	T>A	2	6	1	-11.1616478031864
chr3	195780239	59	43	1.00440561838618	0.116	C>T	2	6	1	-10.7970191874999
chr3	195780295	59	49	1.00440561838618	0.143	G>T	2	6	1	-10.3359831499592
chr3	195780318	59	63	1.00440561838618	0.206	G>A	2	6	1	-11.0687575995068
chr3	195982210	50	52	1.00440561838618	0.173	T>C	2	6	1	-10.2393233785433
chr3	196103453	48	48	0.940649975496428	0.208	G>C	2	5	1	-10.4580579549562
chr3	196103459	48	48	0.940649975496428	0.25	C>A	2	5	1	-11.3737803434094
chr3	196103476	48	46	0.940649975496428	0.109	G>C	2	5	1	-12.7095804380966
chr3	197618354	39	46	0.940649975496428	0.109	G>A	2	5	1	-12.7095804380966
chr3	197638565	61	46	0.940649975496428	0.348	C>T	2	5	2	-10.8489721395519
chr3	197645621	55	47	1.00475352790929	0.191	T>C	2	6	1	-10.5267764690604
chr3	198132254	39	63	1.00475352790929	0.206	A>G	2	6	1	-11.0687575995068
chr4	49103072	41	40	1.27619588973654	0.125	T>C	2	8	1	-10.1079643294679
chr4	49104211	41	66	1.27619588973654	0.106	A>C	2	8	1	-10.1445065019095
chr4	49112892	40	53	1.27619588973654	0.132	G>T	2	8	1	-10.1627644199538
chr4	49112898	40	55	1.27619588973654	0.127	T>C	2	8	1	-10.1627644199538
chr4	49112944	40	74	1.27619588973654	0.108	T>G	2	8	1	-10.1445065019095
chr4	49112947	40	75	1.27619588973654	0.107	A>C	2	8	1	-10.1445065019095
chr4	49117661	40	63	1.27619588973654	0.111	A>C	2	8	1	-10.1445065019095
chr4	49128505	40	59	0.975993902602283	0.153	G>A	2	6	1	-10.2640256820389
chr4	49133014	42	48	1.41601265869398	0.125	G>T	2	9	1	-10.1431630413269
chr4	49134064	40	50	1.41601265869398	0.1	C>A	2	9	1	-10.0526393738247
chr4	49134197	40	40	1.41601265869398	0.1	C>G	2	9	1	-10.0526393738247
chr4	49137540	41	88	1.41601265869398	0.114	C>A	2	9	1	-10.048808868782
chr4	49143398	42	53	1.21020740070512	0.245	G>A	2	7	2	-10.7568119582074
chr4	49143438	42	42	1.21020740070512	0.119	T>A	2	7	1	-10.2540954989794
chr4	49143467	42	43	1.21020740070512	0.163	C>G	2	7	1	-10.3646556164278
chr4	49143523	42	51	1.21020740070512	0.137	G>A	2	7	1	-10.1479362493765
chr4	49143524	42	48	1.21020740070512	0.167	C>T	2	7	1	-10.5835916598672
chr4	49144581	43	52	1.21020740070512	0.192	T>C	2	7	1	-11.2259215383221
chr4	49144684	43	60	1.21020740070512	0.117	C>G	2	7	1	-10.2540954989794
chr4	49148130	41	46	1.21020740070512	0.217	T>C	2	7	2	-11.2518703130781
chr4	49148836	41	43	1.21020740070512	0.14	A>T	2	7	1	-10.1479362493765
chr4	49151866	42	57	1.21020740070512	0.105	C>A	2	7	1	-10.7266606200024
chr4	49151931	42	63	1.21020740070512	0.111	C>A	2	7	1	-10.441285720697
chr4	49151937	42	66	1.21020740070512	0.106	G>T	2	7	1	-10.441285720697
chr4	49153002	41	77	1.21020740070512	0.143	T>A	2	7	1	-10.1479362493765
chr4	49153011	41	87	1.21020740070512	0.126	A>G	2	7	1	-10.1582475401893
chr4	49174134	41	45	1.21020740070512	0.156	C>T	2	7	1	-10.3646556164278
chr4	49174181	41	52	1.21020740070512	0.135	T>C	2	7	1	-10.1479362493765
chr4	49174190	41	51	1.21020740070512	0.137	C>T	2	7	1	-10.1479362493765
chr4	49201842	50	43	1.21020740070512	0.14	A>G	2	7	1	-10.1479362493765
chr4	49201843	50	44	1.21020740070512	0.136	C>T	2	7	1	-10.1479362493765
chr4	49236547	55	52	1.13204370105712	0.115	G>A	2	7	1	-10.2687351552882
chr4	49238923	40	53	1.13204370105712	0.151	T>A	2	7	1	-10.2328183087605
chr4	49240026	36	54	1.13204370105712	0.241	C>T	2	7	2	-10.7714516145161
chr4	49257534	31	43	1.13204370105712	0.116	T>A	2	7	1	-10.2687351552882
chr4	49263956	45	84	1.13204370105712	0.107	A>C	2	7	1	-10.4559253770058
chr4	49264284	46	46	1.13204370105712	0.109	G>A	2	7	1	-10.4559253770058
chr4	49270808	51	46	1.13204370105712	0.152	C>T	2	7	1	-10.2328183087605
chr4	49296333	42	41	1.13204370105712	0.146	G>T	2	7	1	-10.2328183087605
chr4	49313972	38	45	1.13204370105712	0.178	A>C	2	7	1	-10.8863019645021
chr4	49320907	46	42	1.13204370105712	0.262	C>G	2	7	2	-10.4921103709786
chr4	49320946	46	46	1.13204370105712	0.261	A>C	2	7	2	-10.4921103709786
chr4	49323185	55	47	1.13204370105712	0.149	T>A	2	7	1	-10.2328183087605
chr4	49533168	42	45	1.13204370105712	0.222	C>A	2	7	2	-11.2665099693869
chr4	49561289	54	53	1.13204370105712	0.17	C>A	2	7	1	-10.598231316176
chr4	49568833	48	50	1.13204370105712	0.14	G>C	2	7	1	-10.1625759056853
chr4	49577415	54	43	1.13204370105712	0.163	C>G	2	7	1	-10.3792952727365
chr4	49579831	48	44	1.13204370105712	0.114	G>A	2	7	1	-10.4559253770058
chr4	49589704	43	64	1.13204370105712	0.156	A>C	2	7	1	-10.3792952727365
chr4	49634805	42	109	1.13204370105712	0.138	G>C	2	7	1	-10.1625759056853
chr4	49634810	42	108	1.13204370105712	0.111	G>C	2	7	1	-10.4559253770058
chr4	49636950	40	69	1.13204370105712	0.116	C>T	2	7	1	-10.2687351552882
chr4	49637314	40	59	1.13204370105712	0.102	A>C	2	7	1	-10.7413002763111
chr4	49637323	40	57	1.13204370105712	0.105	A>C	2	7	1	-10.7413002763111
chr4	49637346	40	54	1.13204370105712	0.111	G>T	2	7	1	-10.4559253770058
chr4	49638495	41	52	1.13204370105712	0.115	G>T	2	7	1	-10.2687351552882
chr4	49641535	43	66	1.13204370105712	0.121	G>T	2	7	1	-10.2687351552882
chr4	49641546	43	59	1.13204370105712	0.119	A>C	2	7	1	-10.2687351552882
chr4	49641550	43	57	1.13204370105712	0.158	C>A	2	7	1	-10.3792952727365
chr4	49651611	40	55	1.13204370105712	0.109	T>A	2	7	1	-10.4559253770058
chr4	49651939	40	77	1.13204370105712	0.104	A>T	2	7	1	-10.7413002763111
chr4	49652000	41	115	1.13204370105712	0.139	T>G	2	7	1	-10.1625759056853
chr4	49652598	41	42	1.13204370105712	0.119	A>C	2	7	1	-10.2687351552882
chr4	49652616	41	40	1.13204370105712	0.1	G>C	2	7	1	-10.7413002763111
chr4	49652991	41	47	1.13204370105712	0.106	C>G	2	7	1	-10.4559253770058
chr4	49654203	40	55	1.13204370105712	0.127	C>T	2	7	1	-10.1728871964981
chr4	49654230	40	56	1.13204370105712	0.143	T>G	2	7	1	-10.1625759056853
chr4	51107503	27	77	1.25666964549214	0.338	A>C	2	8	3	-10.6486387749274
chr4	188503712	42	40	1.12792560897299	0.1	A>T	2	7	1	-10.7413002763111
chr4	188507446	43	79	1.12792560897299	0.114	A>T	2	7	1	-10.4559253770058
chr4	188507538	43	48	1.12792560897299	0.146	T>C	2	7	1	-10.2328183087605
chr4	188507544	43	49	1.12792560897299	0.163	G>T	2	7	1	-10.3792952727365
chr4	189848843	49	55	1.12792560897299	0.127	C>G	2	7	1	-10.1728871964981
chr5	682344	62	41	0.81409243982672	0.146	G>A	2	5	1	-10.843878523558
chr5	1539917	59	50	0.81409243982672	0.12	G>A	2	5	1	-12.0597002358305
chr5	5394507	42	40	0.81409243982672	0.1	G>C	2	5	1	-13.3188686006834
chr5	15100454	38	41	0.81409243982672	0.171	G>A	2	5	1	-10.4226882871435
chr5	15100460	38	41	0.81409243982672	0.171	A>T	2	5	1	-10.4226882871435
chr5	15100466	38	43	0.81409243982672	0.163	G>A	2	5	1	-10.597053865619
chr5	16883200	44	46	0.81409243982672	0.217	T>C	2	5	1	-10.5335020735255
chr5	30491559	36	40	0.81409243982672	0.1	C>G	2	5	1	-13.3188686006834
chr5	42122856	43	41	0.81409243982672	0.415	G>A	2	5	2	-10.7099757891104
chr5	49622488	39	56	1.24273590379057	0.232	G>A	2	7	2	-10.9766096260154
chr5	49622532	39	50	1.24273590379057	0.18	G>T	2	7	1	-10.8716623081933
chr5	49626796	38	43	1.24273590379057	0.116	A>T	2	7	1	-10.2540954989794
chr5	49797473	39	44	1.24273590379057	0.114	C>T	2	7	1	-10.441285720697
chr5	49797481	39	44	1.24273590379057	0.136	C>G	2	7	1	-10.1479362493765
chr5	49797513	39	43	1.24273590379057	0.14	G>A	2	7	1	-10.1479362493765
chr5	49798593	40	46	1.24273590379057	0.174	G>A	2	7	1	-10.5835916598672
chr5	49802655	40	40	1.24273590379057	0.1	A>T	2	7	1	-10.7266606200024
chr5	49877060	40	40	1.24273590379057	0.125	C>G	2	7	1	-10.2540954989794
chr5	49996294	40	53	1.24273590379057	0.113	A>C	2	7	1	-10.441285720697
chr5	49996323	40	50	1.24273590379057	0.1	T>C	2	7	1	-10.7266606200024
chr5	50029633	40	63	1.24273590379057	0.111	C>A	2	7	1	-10.441285720697
chr5	50175877	36	40	0.926679110505584	0.1	A>T	2	5	1	-13.3882569593169
chr5	50227652	34	41	0.926679110505584	0.195	A>T	2	5	1	-10.372324275595
chr5	50227653	34	40	0.926679110505584	0.2	A>G	2	5	1	-10.372324275595
chr5	51481100	35	44	0.926679110505584	0.182	C>T	2	5	1	-10.3868456721881
chr5	54320964	38	42	0.926679110505584	0.31	T>C	2	5	2	-11.8352779191555
chr5	59557376	33	41	0.900597137387841	0.39	T>C	2	5	2	-10.4958094773843
chr5	62162269	56	46	0.900597137387841	0.196	C>T	2	5	1	-10.3094126799475
chr5	65733099	51	46	0.900597137387841	0.217	G>A	2	5	1	-10.5399788365115
chr5	91503050	35	40	0.906303549123631	0.175	A>C	2	5	1	-10.3868456721881
chr5	99575956	37	44	0.906303549123631	0.205	C>A	2	5	1	-10.372324275595
chr5	99692577	41	46	0.906303549123631	0.109	C>G	2	5	1	-12.7095804380966
chr5	100098118	37	40	0.906303549123631	0.125	T>C	2	5	1	-12.129088594464
chr5	100098135	37	42	0.906303549123631	0.143	A>C	2	5	1	-11.2363261010312
chr5	104290906	30	51	0.906303549123631	0.118	G>T	2	5	1	-12.129088594464
chr5	105175489	29	45	0.906303549123631	0.2	A>G	2	5	1	-10.372324275595
chr5	105482630	27	41	0.906303549123631	0.122	A>G	2	5	1	-12.129088594464
chr5	112495277	37	46	0.906303549123631	0.13	G>A	2	5	1	-11.639939013759
chr5	116164119	39	41	0.906303549123631	0.171	C>A	2	5	1	-10.492076645777
chr5	117907328	38	42	0.906303549123631	0.214	G>A	2	5	1	-10.4580579549562
chr5	120141713	36	43	0.906303549123631	0.465	C>T	2	5	2	-11.641582370482
chr5	134497290	46	41	0.906303549123631	0.268	C>T	2	5	1	-12.1526362933179
chr5	142880372	46	55	0.906303549123631	0.145	C>G	2	5	1	-11.2363261010312
chr5	146735887	40	48	0.906303549123631	0.188	T>C	2	5	1	-10.3478032804019
chr5	150817601	48	40	0.906303549123631	0.275	G>T	2	5	1	-12.6176192386563
chr5	152528373	45	59	0.906303549123631	0.119	G>A	2	5	1	-12.129088594464
chr5	152528374	45	56	0.906303549123631	0.107	T>G	2	5	1	-12.7095804380966
chr5	152528390	45	53	0.906303549123631	0.151	A>T	2	5	1	-10.9132668821915
chr5	152528399	45	53	0.906303549123631	0.151	G>A	2	5	1	-10.9132668821915
chr5	152528403	45	56	0.906303549123631	0.143	A>T	2	5	1	-11.2363261010312
chr5	152528404	45	54	0.906303549123631	0.167	A>G	2	5	1	-10.492076645777
chr5	152528415	45	57	0.906303549123631	0.14	C>A	2	5	1	-11.2363261010312
chr5	152528424	45	57	0.906303549123631	0.14	T>C	2	5	1	-11.2363261010312
chr5	152528436	45	58	0.906303549123631	0.138	A>G	2	5	1	-11.2363261010312
chr5	163486167	35	41	0.906303549123631	0.415	A>G	2	5	2	-10.7793641477439
chr5	166687064	37	41	0.906303549123631	0.439	C>A	2	5	2	-11.1301114895825
chr5	167391230	41	40	0.906303549123631	0.15	A>G	2	5	1	-10.9132668821915
chr5	167860218	66	42	0.906303549123631	0.119	C>T	2	5	1	-12.129088594464
chr5	175774865	47	47	0.906303549123631	0.383	T>C	2	5	2	-10.5678678766434
chr5	180034870	34	40	0.906303549123631	0.3	A>G	2	5	2	-12.1953600214158
chr5	181475026	40	61	0.906303549123631	0.115	A>G	2	5	1	-12.129088594464
chr6	9341205	36	44	1.16028023676528	0.136	C>T	2	7	1	-10.1353284055863
chr6	9559154	40	45	1.16028023676528	0.556	C>T	2	7	4	-10.4899223911142
chr6	9973649	35	44	1.16028023676528	0.205	G>T	2	7	1	-11.6311363116399
chr6	17602679	40	48	1.16028023676528	0.167	G>A	2	7	1	-10.570983816077
chr6	22872651	39	44	1.17457315292036	0.182	C>A	2	7	1	-10.8590544644031
chr6	27573723	42	41	1.17457315292036	0.39	C>T	2	7	3	-10.6529732587421
chr6	32537524	37	40	1.43606655090128	0.125	T>C	2	9	1	-10.1431630413269
chr6	32588320	41	43	1.24449169840026	0.209	G>T	2	7	2	-11.5843217884891
chr6	32746442	48	43	1.06944466501451	0.116	A>T	2	6	1	-10.8453734439127
chr6	32746445	48	44	1.06944466501451	0.114	T>G	2	6	1	-11.2100020595992
chr6	32746458	48	44	1.06944466501451	0.114	G>A	2	6	1	-11.2100020595992
chr6	38642657	41	43	1.13380666499008	0.302	C>G	2	7	2	-10.5385901231877
chr6	48567337	35	41	1.13380666499008	0.317	T>C	2	7	2	-10.8476193312214
chr6	57335290	53	66	1.2407642514325	0.152	C>T	2	7	1	-10.2181786524518
chr6	57335302	53	65	1.2407642514325	0.154	C>T	2	7	1	-10.2181786524518
chr6	58619840	37	53	1.2407642514325	0.132	T>A	2	7	1	-10.1582475401893
chr6	61380927	36	40	1.07657095753573	0.1	A>G	2	6	1	-11.6728153528734
chr6	82824777	34	41	1.07657095753573	0.171	T>G	2	6	1	-10.2876776349561
chr6	82940759	45	40	1.07657095753573	0.25	G>T	2	6	2	-11.7573497381149
chr6	97785138	43	40	1.07657095753573	0.1	C>T	2	6	1	-11.6728153528734
chr6	119722483	32	43	1.07657095753573	0.186	T>C	2	6	1	-10.5751307254731
chr6	119722494	32	43	1.07657095753573	0.186	T>C	2	6	1	-10.5751307254731
chr6	119722500	32	40	1.07657095753573	0.2	G>C	2	6	1	-10.8155149486123
chr6	119722506	32	40	1.07657095753573	0.2	G>A	2	6	1	-10.8155149486123
chr6	119722540	32	43	1.07657095753573	0.186	C>G	2	6	1	-10.5751307254731
chr6	134247783	39	48	1.07657095753573	0.5	T>C	2	6	3	-10.5811262197279
chr6	157314308	44	40	1.07657095753573	0.1	G>A	2	6	1	-11.6728153528734
chr6	165749351	37	43	1.07657095753573	0.14	T>C	2	6	1	-10.384337406372
chr6	169891395	55	44	1.07657095753573	0.159	T>C	2	6	1	-10.2461799854855
chr6	170114024	47	46	1.07657095753573	0.217	T>C	2	6	1	-11.4778075610685
chr7	408221	55	44	1.08948847132403	0.136	A>C	2	6	1	-10.384337406372
chr7	14064816	36	42	1.16438191073109	0.119	G>A	2	7	1	-10.2414876551892
chr7	22247228	40	42	1.16438191073109	0.119	G>C	2	7	1	-10.2414876551892
chr7	22247231	40	42	1.16438191073109	0.119	T>C	2	7	1	-10.2414876551892
chr7	22247234	40	43	1.16438191073109	0.116	T>A	2	7	1	-10.2414876551892
chr7	22247237	40	44	1.16438191073109	0.114	C>T	2	7	1	-10.4286778769068
chr7	22247253	40	42	1.16438191073109	0.119	G>A	2	7	1	-10.2414876551892
chr7	22247257	40	40	1.16438191073109	0.125	T>A	2	7	1	-10.2414876551892
chr7	23828651	53	48	1.16438191073109	0.125	T>C	2	7	1	-10.2414876551892
chr7	25554297	47	51	1.16438191073109	0.235	A>G	2	7	2	-10.7442041144172
chr7	36656513	46	47	1.17621862310071	0.362	T>A	2	7	3	-11.1961829721078
chr7	45610750	58	44	1.17621862310071	0.114	A>G	2	7	1	-10.4286778769068
chr7	48856575	35	44	1.17621862310071	0.114	G>A	2	7	1	-10.4286778769068
chr7	50359517	48	40	1.17621862310071	0.1	T>C	2	7	1	-10.7140527762122
chr7	52329720	43	42	1.17621862310071	0.238	T>C	2	7	2	-10.7442041144172
chr7	56227742	38	45	1.17621862310071	0.222	C>G	2	7	2	-11.2392624692879
chr7	56789160	49	46	1.17621862310071	0.239	C>T	2	7	2	-10.7442041144172
chr7	56789181	49	49	1.17621862310071	0.224	C>T	2	7	2	-11.2392624692879
chr7	56789190	49	48	1.17621862310071	0.188	T>C	2	7	1	-11.2133136945319
chr7	57300680	41	41	1.17621862310071	0.22	C>A	2	7	2	-11.2392624692879
chr7	57495277	43	58	1.25019233636711	0.121	G>T	2	8	1	-10.1079643294679
chr7	57620239	48	51	1.25019233636711	0.118	C>T	2	8	1	-10.1079643294679
chr7	57668271	37	50	1.25019233636711	0.2	C>T	2	8	2	-10.8916977110127
chr7	57887933	37	54	1.25019233636711	0.13	A>G	2	8	1	-10.1627644199538
chr7	57932998	37	48	1.25019233636711	0.104	A>T	2	8	1	-10.2792333519387
chr7	57933058	37	58	1.25019233636711	0.121	C>T	2	8	1	-10.1079643294679
chr7	58032708	35	40	1.25019233636711	0.175	T>C	2	8	2	-11.5059102248957
chr7	58032709	35	40	1.25019233636711	0.175	G>A	2	8	2	-11.5059102248957
chr7	58032734	35	40	1.25019233636711	0.175	C>T	2	8	2	-11.5059102248957
chr7	58067567	35	40	1.25019233636711	0.175	G>C	2	8	2	-11.5059102248957
chr7	58119589	24	48	1.25019233636711	0.146	C>A	2	8	1	-10.5239916307684
chr7	58119594	24	47	1.25019233636711	0.149	G>A	2	8	1	-10.5239916307684
chr7	60921276	35	40	1.14892544658377	0.1	T>C	2	7	1	-10.7413002763111
chr7	60924883	35	49	1.14892544658377	0.102	C>G	2	7	1	-10.7413002763111
chr7	60924887	35	50	1.14892544658377	0.18	T>G	2	7	1	-10.8863019645021
chr7	60924891	35	49	1.14892544658377	0.163	T>C	2	7	1	-10.3792952727365
chr7	60924900	35	48	1.14892544658377	0.146	A>T	2	7	1	-10.2328183087605
chr7	60924903	35	45	1.14892544658377	0.133	A>T	2	7	1	-10.1728871964981
chr7	60927241	37	40	1.14892544658377	0.225	G>T	2	7	2	-11.2665099693869
chr7	60932451	36	47	1.14892544658377	0.106	C>T	2	7	1	-10.4559253770058
chr7	60940299	28	54	1.14892544658377	0.148	G>A	2	7	1	-10.2328183087605
chr7	61008661	29	45	1.2651872794339	0.111	A>T	2	8	1	-10.1445065019095
chr7	61026062	35	45	1.2651872794339	0.111	C>T	2	8	1	-10.1445065019095
chr7	61296417	35	59	1.15359078483642	0.153	A>G	2	7	1	-10.2055708086616
chr7	62296142	36	60	1.15359078483642	0.117	T>A	2	7	1	-10.2414876551892
chr7	62296149	36	56	1.15359078483642	0.125	T>C	2	7	1	-10.2414876551892
chr7	62296150	36	53	1.15359078483642	0.132	G>A	2	7	1	-10.1456396963991
chr7	62296158	36	53	1.15359078483642	0.132	G>T	2	7	1	-10.1456396963991
chr7	62296159	36	55	1.15359078483642	0.127	T>C	2	7	1	-10.1456396963991
chr7	62296165	36	53	1.15359078483642	0.132	G>A	2	7	1	-10.1456396963991
chr7	62296168	36	55	1.15359078483642	0.127	T>C	2	7	1	-10.1456396963991
chr7	62296205	36	50	1.15359078483642	0.14	T>C	2	7	1	-10.1353284055863
chr7	62296212	36	40	1.15359078483642	0.175	G>A	2	7	1	-10.8590544644031
chr7	62339823	36	56	1.18820142690542	0.107	T>C	2	7	1	-10.4286778769068
chr7	62344899	36	44	1.18820142690542	0.114	A>G	2	7	1	-10.4286778769068
chr7	62344914	36	49	1.18820142690542	0.102	G>A	2	7	1	-10.7140527762122
chr7	62344915	36	50	1.18820142690542	0.1	G>T	2	7	1	-10.7140527762122
chr7	62344938	36	50	1.18820142690542	0.1	G>A	2	7	1	-10.7140527762122
chr7	62344942	36	50	1.18820142690542	0.1	C>T	2	7	1	-10.7140527762122
chr7	62454691	35	62	1.12759060446742	0.113	A>G	2	7	1	-10.4559253770058
chr7	63554075	49	40	1.26393409657671	0.125	C>T	2	8	1	-10.1079643294679
chr7	65490029	46	51	1.0646873062472	0.118	A>G	2	6	1	-10.8453734439127
chr7	65490053	46	44	1.0646873062472	0.136	C>T	2	6	1	-10.384337406372
chr7	65490054	46	43	1.0646873062472	0.14	A>G	2	6	1	-10.384337406372
chr7	65490602	46	44	1.0646873062472	0.205	T>C	2	6	1	-10.8155149486123
chr7	65490617	46	44	1.0646873062472	0.205	C>G	2	6	1	-10.8155149486123
chr7	65490620	46	42	1.0646873062472	0.214	T>C	2	6	1	-11.1171118559195
chr7	65590186	39	43	1.0646873062472	0.14	A>G	2	6	1	-10.384337406372
chr7	134445917	46	46	1.0646873062472	0.37	T>G	2	6	2	-10.9643595084997
chr7	142460620	41	40	1.0646873062472	0.15	C>G	2	6	1	-10.2771414154784
chr7	142460621	41	43	1.0646873062472	0.14	T>G	2	6	1	-10.384337406372
chr7	142460622	41	42	1.0646873062472	0.143	G>T	2	6	1	-10.384337406372
chr7	142460629	41	43	1.0646873062472	0.14	C>G	2	6	1	-10.384337406372
chr7	150909758	49	43	1.08220614768973	0.14	G>T	2	6	1	-10.384337406372
chr7	150909782	49	44	1.08220614768973	0.136	G>A	2	6	1	-10.384337406372
chr7	150909883	49	41	1.08220614768973	0.146	G>A	2	6	1	-10.2771414154784
chr7	152280025	40	63	1.08220614768973	0.27	C>T	2	6	2	-11.1499113269034
chr7	152377167	42	85	1.08220614768973	0.165	G>A	2	6	1	-10.2461799854855
chr7	152388772	41	41	1.08220614768973	0.146	G>A	2	6	1	-10.2771414154784
chr7	156464740	53	44	1.32947766333028	0.341	C>T	2	8	3	-10.610520118904
chr7	157190708	47	42	1.32947766333028	0.119	C>A	2	8	1	-10.0698456734445
chr7	157725964	57	40	1.32947766333028	0.125	C>T	2	8	1	-10.0698456734445
chr7	158329186	59	50	1.32947766333028	0.3	A>G	2	8	2	-11.1760413998152
chr7	158915856	44	89	1.32947766333028	0.112	A>T	2	8	1	-10.1063878458861
chr7	158915882	44	89	1.32947766333028	0.157	C>G	2	8	1	-10.7829979879971
chr7	159152302	57	45	1.32947766333028	0.178	G>C	2	8	2	-11.4677915688723
chr7	159203620	59	48	1.32947766333028	0.104	A>G	2	8	1	-10.2411146959154
chr8	7396350	47	40	0.964092772909101	0.2	A>G	2	6	1	-10.8023992151729
chr8	12227206	46	66	0.940791936076073	0.136	C>G	2	5	1	-11.2363261010312
chr8	12227231	46	63	0.940791936076073	0.143	C>T	2	5	1	-11.2363261010312
chr8	12525130	40	69	0.940791936076073	0.13	G>A	2	5	1	-11.639939013759
chr8	12665224	69	42	0.958743678313843	0.119	G>C	2	6	1	-10.8322577104732
chr8	15271729	31	44	0.958743678313843	0.159	A>C	2	6	1	-10.233064252046
chr8	28641569	45	43	0.958743678313843	0.442	C>T	2	6	3	-10.9887799080878
chr8	34102616	39	40	0.958743678313843	0.2	A>G	2	6	1	-10.8023992151729
chr8	41449014	47	45	0.958743678313843	0.222	G>A	2	6	1	-11.464691827629
chr8	89198991	38	41	0.977570500748421	0.317	G>T	2	6	2	-10.4752627174784
chr8	90091331	44	43	0.977570500748421	0.163	T>C	2	6	1	-10.233064252046
chr8	100886848	45	51	0.977570500748421	0.157	A>T	2	6	1	-10.233064252046
chr8	100886856	45	51	0.977570500748421	0.157	C>T	2	6	1	-10.233064252046
chr8	128923667	33	41	0.977570500748421	0.22	A>G	2	6	1	-11.464691827629
chr8	129984421	56	45	0.977570500748421	0.111	C>T	2	6	1	-11.1968863261597
chr8	134560751	38	48	0.964364899555568	0.104	A>G	2	6	1	-11.6596996194339
chr8	135217390	44	52	0.964364899555568	0.25	G>A	2	6	2	-11.7442340046754
chr9	106203	45	42	1.11807872957047	0.19	T>C	2	7	1	-11.2405611946308
chr9	108249	45	47	1.11807872957047	0.106	C>T	2	7	1	-10.4559253770058
chr9	1297930	37	51	1.08780786621545	0.157	T>G	2	6	1	-10.2461799854855
chr9	13521586	37	40	1.08780786621545	0.5	T>C	2	6	3	-10.5811262197279
chr9	13781328	36	50	1.08780786621545	0.12	C>G	2	6	1	-10.8453734439127
chr9	14857270	45	41	1.08780786621545	0.268	G>A	2	6	2	-11.1499113269034
chr9	15274866	34	43	1.08780786621545	0.209	G>T	2	6	1	-11.1171118559195
chr9	17317043	34	50	1.08780786621545	0.1	G>T	2	6	1	-11.6728153528734
chr9	20415147	30	48	1.08780786621545	0.271	G>A	2	6	2	-11.1499113269034
chr9	20579606	40	42	1.08780786621545	0.214	T>A	2	6	1	-11.1171118559195
chr9	21279127	30	43	1.08780786621545	0.233	A>C	2	6	1	-11.8956940545657
chr9	21758530	41	52	1.08780786621545	0.154	T>C	2	6	1	-10.2771414154784
chr9	26595416	42	43	1.08780786621545	0.14	A>T	2	6	1	-10.384337406372
chr9	26797960	42	47	1.08780786621545	0.234	A>G	2	6	1	-11.8956940545657
chr9	28636906	38	42	1.08780786621545	0.19	T>C	2	6	1	-10.5751307254731
chr9	34277615	39	45	1.02641319067386	0.2	G>A	2	6	1	-10.7715274238186
chr9	35914003	46	63	1.02641319067386	0.127	T>C	2	6	1	-10.52809956636
chr9	38559162	49	40	1.02641319067386	0.1	A>T	2	6	1	-11.6288278280797
chr9	39006665	31	44	1.08645981139484	0.114	T>C	2	6	1	-11.2100020595992
chr9	39122315	41	52	1.08645981139484	0.154	A>C	2	6	1	-10.2771414154784
chr9	40855598	38	44	1.11518244103359	0.114	G>A	2	7	1	-10.4559253770058
chr9	40855609	38	44	1.11518244103359	0.114	A>T	2	7	1	-10.4559253770058
chr9	40872890	35	87	1.11518244103359	0.103	T>C	2	7	1	-10.7413002763111
chr9	40880768	36	82	1.11518244103359	0.159	G>C	2	7	1	-10.3792952727365
chr9	40901980	38	53	1.11518244103359	0.189	T>C	2	7	1	-11.2405611946308
chr9	40948295	36	77	1.11518244103359	0.143	T>C	2	7	1	-10.1625759056853
chr9	40985774	35	103	1.11518244103359	0.136	C>T	2	7	1	-10.1625759056853
chr9	40995924	35	61	1.11518244103359	0.115	G>C	2	7	1	-10.2687351552882
chr9	40999657	44	61	1.11518244103359	0.148	C>A	2	7	1	-10.2328183087605
chr9	42508021	44	47	1.11518244103359	0.255	G>C	2	7	2	-10.4921103709786
chr9	42900887	38	46	1.11518244103359	0.283	A>G	2	7	2	-10.417535060201
chr9	42900908	38	46	1.11518244103359	0.283	G>A	2	7	2	-10.417535060201
chr9	43180128	37	62	1.14376152450539	0.113	A>G	2	7	1	-10.4559253770058
chr9	43184591	37	43	1.14376152450539	0.163	T>G	2	7	1	-10.3792952727365
chr9	43399324	38	41	1.14376152450539	0.122	T>C	2	7	1	-10.2687351552882
chr9	60521429	46	56	1.27184539127667	0.125	T>G	2	8	1	-10.1079643294679
chr9	60521434	46	57	1.27184539127667	0.158	G>C	2	8	1	-10.8211166440205
chr9	60521459	46	52	1.27184539127667	0.115	C>T	2	8	1	-10.1079643294679
chr9	60521460	46	51	1.27184539127667	0.137	T>C	2	8	1	-10.3031011784171
chr9	60521481	46	50	1.27184539127667	0.1	G>C	2	8	1	-10.2792333519387
chr9	60527686	44	55	1.12719700634888	0.145	C>A	2	7	1	-10.1625759056853
chr9	60527705	44	54	1.12719700634888	0.148	G>C	2	7	1	-10.2328183087605
chr9	60528950	43	40	1.12719700634888	0.125	T>C	2	7	1	-10.2687351552882
chr9	60528961	43	43	1.12719700634888	0.116	A>G	2	7	1	-10.2687351552882
chr9	60528974	43	44	1.12719700634888	0.136	T>C	2	7	1	-10.1625759056853
chr9	60529019	37	40	1.12719700634888	0.15	C>T	2	7	1	-10.2328183087605
chr9	60627910	37	42	1.12719700634888	0.167	T>C	2	7	1	-10.598231316176
chr9	61631697	52	41	1.12719700634888	0.171	A>G	2	7	1	-10.598231316176
chr9	61730745	43	40	1.12719700634888	0.125	C>A	2	7	1	-10.2687351552882
chr9	61894220	52	43	1.12719700634888	0.14	A>C	2	7	1	-10.1625759056853
chr9	63399858	29	46	1.12719700634888	0.174	T>C	2	7	1	-10.598231316176
chr9	63716615	53	40	1.12719700634888	0.1	C>T	2	7	1	-10.7413002763111
chr9	63736120	42	48	1.12719700634888	0.188	T>G	2	7	1	-11.2405611946308
chr9	63818683	54	42	1.18848880538007	0.119	C>A	2	7	1	-10.2414876551892
chr9	63829296	38	50	1.18848880538007	0.22	G>A	2	7	2	-11.2392624692879
chr9	63829387	38	50	1.18848880538007	0.22	A>G	2	7	2	-11.2392624692879
chr9	63897125	42	44	1.18848880538007	0.136	A>T	2	7	1	-10.1353284055863
chr9	63898676	35	59	1.18848880538007	0.153	C>A	2	7	1	-10.2055708086616
chr9	64028574	46	49	1.18848880538007	0.102	T>G	2	7	1	-10.7140527762122
chr9	64476454	40	41	1.18848880538007	0.171	C>G	2	7	1	-10.570983816077
chr9	65071214	37	40	1.18848880538007	0.15	C>T	2	7	1	-10.2055708086616
chr9	65071227	37	41	1.18848880538007	0.146	G>T	2	7	1	-10.2055708086616
chr9	66161234	41	40	1.09854644599553	0.1	G>A	2	6	1	-11.6728153528734
chr9	66357538	32	42	1.09854644599553	0.119	T>C	2	6	1	-10.8453734439127
chr9	66635792	36	52	1.09854644599553	0.135	T>C	2	6	1	-10.384337406372
chr9	66787710	38	51	1.09854644599553	0.118	C>T	2	6	1	-10.8453734439127
chr9	67054251	38	49	1.09854644599553	0.102	C>T	2	6	1	-11.6728153528734
chr9	67840221	40	53	1.09854644599553	0.113	T>G	2	6	1	-11.2100020595992
chr9	72766207	48	40	1.09687068410125	0.225	G>T	2	6	1	-11.4778075610685
chr9	86052989	51	42	1.09687068410125	0.119	A>C	2	6	1	-10.8453734439127
chr9	87758175	76	40	1.06514109603175	0.15	G>A	2	6	1	-10.2771414154784
chr9	88974251	49	43	1.06514109603175	0.14	G>T	2	6	1	-10.384337406372
chr9	92227356	63	50	1.06514109603175	0.1	T>G	2	6	1	-11.6728153528734
chr9	92227412	63	52	1.06514109603175	0.135	A>G	2	6	1	-10.384337406372
chr9	94742785	44	44	1.03222397947441	0.295	C>A	2	6	2	-10.5670881739827
chr9	97223259	30	41	1.391	0.122	A>C	2	8	1	-10.0721082783577
chr9	99537477	40	40	1.04299942160468	0.3	A>G	2	6	2	-10.5670881739827
chr9	112763898	47	50	1.04299942160468	0.3	A>G	2	6	2	-10.5670881739827
chr9	114803634	50	41	1.04299942160468	0.122	T>C	2	6	1	-10.801385919119
chr9	120562901	43	46	1.04299942160468	0.109	T>C	2	6	1	-11.1660145348055
chr9	122711254	56	42	1.04299942160468	0.19	G>T	2	6	1	-10.5311432006794
chr9	122711283	56	41	1.04299942160468	0.171	G>A	2	6	1	-10.2436901101624
chr9	124111917	49	45	1.04299942160468	0.111	C>T	2	6	1	-11.1660145348055
chr9	129445841	51	45	0.984927823903576	0.133	C>T	2	6	1	-10.5237328347409
chr9	129445844	51	41	0.984927823903576	0.146	C>T	2	6	1	-10.2287871590656
chr9	129445860	51	40	0.984927823903576	0.15	G>A	2	6	1	-10.2287871590656
chr9	130344926	48	48	0.976301074361177	0.229	C>T	2	6	1	-11.8825783211262
chr9	130955140	53	45	0.976301074361177	0.111	C>T	2	6	1	-11.1968863261597
chr9	134501343	63	70	0.976301074361177	0.1	T>C	2	6	1	-11.6596996194339
chr9	134685223	49	44	0.976301074361177	0.159	T>C	2	6	1	-10.233064252046
chr9	134837395	53	46	0.976301074361177	0.13	T>G	2	6	1	-10.5589713577142
chr9	137504065	47	40	1.00576014973503	0.1	A>G	2	6	1	-11.6244610964606
chr10	1010881	51	51	1.06958127899922	0.137	T>C	2	6	1	-10.384337406372
chr10	1010987	54	40	1.06958127899922	0.225	T>C	2	6	1	-11.4778075610685
chr10	6831036	45	45	1.02876332213818	0.178	A>G	2	6	1	-10.3543223645196
chr10	8758324	35	43	1.02876332213818	0.14	G>T	2	6	1	-10.3403498815783
chr10	13936573	42	43	1.02876332213818	0.256	T>C	2	6	2	-11.384061333558
chr10	13936612	42	40	1.02876332213818	0.175	G>A	2	6	1	-10.3543223645196
chr10	16345205	44	43	1.02876332213818	0.163	G>T	2	6	1	-10.2021924606918
chr10	26579797	52	44	1.06755992502853	0.114	A>C	2	6	1	-11.2100020595992
chr10	26588157	56	44	1.09068392249961	0.114	C>A	2	6	1	-11.2100020595992
chr10	26588179	56	45	1.09068392249961	0.111	G>T	2	6	1	-11.2100020595992
chr10	26588181	56	43	1.09068392249961	0.116	A>G	2	6	1	-10.8453734439127
chr10	26641322	46	50	1.09068392249961	0.12	T>G	2	6	1	-10.8453734439127
chr10	26641362	46	56	1.09068392249961	0.125	G>C	2	6	1	-10.8453734439127
chr10	26641391	46	52	0.961042534874747	0.135	C>T	2	6	1	-10.3712216729325
chr10	38513794	40	41	1.08176947445377	0.122	C>G	2	6	1	-10.8453734439127
chr10	38581823	41	40	1.08176947445377	0.125	A>G	2	6	1	-10.8453734439127
chr10	38645288	38	84	1.08176947445377	0.143	C>T	2	6	1	-10.384337406372
chr10	38666350	38	49	1.08176947445377	0.163	C>T	2	6	1	-10.2461799854855
chr10	38666364	38	52	1.08176947445377	0.154	A>G	2	6	1	-10.2771414154784
chr10	38709784	27	51	1.08176947445377	0.176	G>A	2	6	1	-10.3983098893133
chr10	38709793	27	49	1.08176947445377	0.184	G>T	2	6	1	-10.3983098893133
chr10	38709801	27	47	1.08176947445377	0.191	T>G	2	6	1	-10.5751307254731
chr10	38738905	65	55	1.08176947445377	0.109	A>G	2	6	1	-11.2100020595992
chr10	38918870	32	42	1.11768432297471	0.143	G>T	2	7	1	-10.1625759056853
chr10	38925282	24	41	1.11768432297471	0.146	C>T	2	7	1	-10.2328183087605
chr10	38925289	24	40	1.11768432297471	0.15	G>A	2	7	1	-10.2328183087605
chr10	38956686	25	63	1.11768432297471	0.111	T>A	2	7	1	-10.4559253770058
chr10	39556289	36	49	1.10078000694332	0.122	A>G	2	6	1	-10.8453734439127
chr10	39556294	36	48	1.10078000694332	0.125	G>C	2	6	1	-10.8453734439127
chr10	39556296	36	49	1.10078000694332	0.122	A>G	2	6	1	-10.8453734439127
chr10	39556305	36	51	1.10078000694332	0.118	A>G	2	6	1	-10.8453734439127
chr10	39556312	36	51	1.10078000694332	0.118	G>C	2	6	1	-10.8453734439127
chr10	39556320	36	47	1.10078000694332	0.128	A>G	2	6	1	-10.5720870911537
chr10	39556329	36	48	1.10078000694332	0.125	G>T	2	6	1	-10.8453734439127
chr10	39557009	37	52	1.11264637355248	0.115	G>A	2	7	1	-10.2687351552882
chr10	40705238	38	43	1.27486665085758	0.209	C>G	2	8	2	-10.6775858317288
chr10	40728420	38	41	1.27486665085758	0.122	C>A	2	8	1	-10.1079643294679
chr10	41555031	38	40	1.27486665085758	0.1	A>T	2	8	1	-10.2792333519387
chr10	41841516	37	42	1.11239698347191	0.238	T>C	2	7	2	-10.7714516145161
chr10	41843767	35	43	1.11239698347191	0.233	C>G	2	7	2	-10.9912492823241
chr10	41843791	35	49	1.11239698347191	0.204	A>G	2	7	1	-11.6583838117389
chr10	41843795	35	49	1.11239698347191	0.204	G>A	2	7	1	-11.6583838117389
chr10	41854242	36	47	1.11239698347191	0.106	T>A	2	7	1	-10.4559253770058
chr10	41866302	40	49	1.11239698347191	0.122	T>A	2	7	1	-10.2687351552882
chr10	41870633	40	71	1.11239698347191	0.113	G>A	2	7	1	-10.4559253770058
chr10	41870972	40	55	1.11239698347191	0.236	T>A	2	7	2	-10.7714516145161
chr10	41871978	40	53	1.11239698347191	0.132	C>T	2	7	1	-10.1728871964981
chr10	41872445	40	84	1.11239698347191	0.107	A>T	2	7	1	-10.4559253770058
chr10	41873329	40	66	1.11239698347191	0.167	T>G	2	7	1	-10.598231316176
chr10	41873940	40	62	1.11239698347191	0.113	G>T	2	7	1	-10.4559253770058
chr10	41874889	41	51	1.11239698347191	0.118	T>A	2	7	1	-10.2687351552882
chr10	41880098	40	46	1.11239698347191	0.109	G>T	2	7	1	-10.4559253770058
chr10	41880108	40	52	1.11239698347191	0.115	G>A	2	7	1	-10.2687351552882
chr10	41880222	40	50	1.11239698347191	0.12	G>A	2	7	1	-10.2687351552882
chr10	41880235	40	46	1.11239698347191	0.109	G>A	2	7	1	-10.4559253770058
chr10	41885273	40	65	1.11239698347191	0.169	C>T	2	7	1	-10.598231316176
chr10	41885296	40	59	1.11239698347191	0.119	T>G	2	7	1	-10.2687351552882
chr10	41885700	40	59	1.11239698347191	0.169	T>A	2	7	1	-10.598231316176
chr10	41885765	40	74	1.11239698347191	0.108	C>T	2	7	1	-10.4559253770058
chr10	41894327	40	63	1.11239698347191	0.127	G>A	2	7	1	-10.1728871964981
chr10	41894939	40	70	1.11239698347191	0.1	G>T	2	7	1	-10.7413002763111
chr10	41894940	40	71	1.11239698347191	0.113	T>A	2	7	1	-10.4559253770058
chr10	41894959	40	58	1.11239698347191	0.121	T>C	2	7	1	-10.2687351552882
chr10	41895021	42	64	1.11239698347191	0.109	G>T	2	7	1	-10.4559253770058
chr10	41900794	41	40	1.11239698347191	0.175	G>T	2	7	1	-10.8863019645021
chr10	42091914	37	47	1.11239698347191	0.17	G>A	2	7	1	-10.598231316176
chr10	42128332	33	46	1.11239698347191	0.13	A>G	2	7	1	-10.1728871964981
chr10	42159439	29	58	1.11239698347191	0.121	A>T	2	7	1	-10.2687351552882
chr10	42163900	30	53	1.11239698347191	0.113	C>A	2	7	1	-10.4559253770058
chr10	42167013	36	47	1.11239698347191	0.149	A>G	2	7	1	-10.2328183087605
chr10	42230656	64	52	1.13634560713373	0.173	A>C	2	7	1	-10.598231316176
chr10	42259380	39	43	1.13634560713373	0.14	C>T	2	7	1	-10.1625759056853
chr10	42262662	40	46	1.13634560713373	0.109	G>A	2	7	1	-10.4559253770058
chr10	42271282	38	49	1.13634560713373	0.184	G>T	2	7	1	-10.8863019645021
chr10	50751552	32	48	1.03017822953421	0.104	G>A	2	6	1	-11.6288278280797
chr10	55751174	32	40	1.03017822953421	0.15	T>C	2	6	1	-10.2331538906847
chr10	64901634	33	40	1.03017822953421	0.225	G>T	2	6	1	-11.4338200362748
chr10	71689066	60	50	1.03017822953421	0.1	G>C	2	6	1	-11.6288278280797
chr10	73024314	36	48	1.03017822953421	0.104	A>G	2	6	1	-11.6288278280797
chr10	73024334	36	45	1.03017822953421	0.111	A>G	2	6	1	-11.1660145348055
chr10	76822317	44	48	1.03017822953421	0.146	G>C	2	6	1	-10.2331538906847
chr10	76822342	44	52	1.03017822953421	0.135	T>C	2	6	1	-10.3403498815783
chr10	115515691	34	46	1.00709196220675	0.174	T>C	2	6	1	-10.2393233785433
chr10	133767376	40	64	1.00709196220675	0.328	T>C	2	6	2	-10.4471147465472
chr11	23944497	33	46	0.928702649095387	0.174	C>T	2	5	1	-10.492076645777
chr11	48913790	36	46	0.928702649095387	0.152	T>G	2	5	1	-10.9132668821915
chr11	49822955	52	40	0.928702649095387	0.2	G>A	2	5	1	-10.372324275595
chr11	54382390	41	60	1.06594326170769	0.1	A>T	2	6	1	-11.6728153528734
chr11	71687625	50	47	0.945853155811746	0.106	T>A	2	6	1	-11.1968863261597
chr11	78897760	52	47	0.945853155811746	0.255	T>A	2	6	2	-11.4149331249122
chr12	14084840	38	40	0.883243865778765	0.15	A>T	2	5	1	-10.8503552865439
chr12	14084841	38	40	0.883243865778765	0.15	A>G	2	5	1	-10.8503552865439
chr12	35190697	38	47	0.883243865778765	0.106	C>T	2	5	1	-12.6466688424491
chr12	35655158	38	56	0.879403483526382	0.125	C>G	2	5	1	-12.0661769988165
chr12	35950480	39	48	0.879403483526382	0.208	A>G	2	5	1	-10.3951463593086
chr12	36570208	38	42	0.879403483526382	0.19	T>C	2	5	1	-10.2848916847544
chr12	37060569	38	45	0.879403483526382	0.133	T>A	2	5	1	-11.5770274181114
chr12	37316329	38	59	0.879403483526382	0.119	G>A	2	5	1	-12.0661769988165
chr12	37381041	34	42	0.879403483526382	0.119	T>C	2	5	1	-12.0661769988165
chr12	37660441	38	46	0.879403483526382	0.174	T>C	2	5	1	-10.4291650501295
chr12	37660449	38	44	0.879403483526382	0.182	A>T	2	5	1	-10.3239340765406
chr12	37660450	38	45	0.879403483526382	0.178	G>T	2	5	1	-10.3239340765406
chr12	37660459	38	44	0.879403483526382	0.227	T>C	2	5	1	-10.7420021020626
chr12	37660473	38	46	0.879403483526382	0.152	C>A	2	5	1	-10.8503552865439
chr12	37660503	38	43	0.879403483526382	0.209	C>G	2	5	1	-10.3951463593086
chr12	39560065	33	40	0.879403483526382	0.325	G>A	2	5	2	-11.4584216570142
chr12	92455960	42	40	0.879403483526382	0.475	C>T	2	5	2	-12.2495952979438
chr12	113465335	63	45	0.879403483526382	0.111	G>A	2	5	1	-12.6466688424491
chr12	130393140	45	50	0.879403483526382	0.1	A>G	2	5	1	-13.3253453636694
chr12	130393147	45	50	0.879403483526382	0.1	C>T	2	5	1	-13.3253453636694
chr12	130393148	45	47	0.879403483526382	0.106	A>G	2	5	1	-12.6466688424491
chr13	16151898	39	40	0.976146038881462	0.1	T>C	2	6	1	-11.6596996194339
chr13	16201417	39	44	1.32043131899994	0.159	C>A	2	8	1	-10.7829979879971
chr13	16233524	39	58	1.32043131899994	0.121	G>A	2	8	1	-10.0698456734445
chr13	16233545	39	52	1.32043131899994	0.135	T>A	2	8	1	-10.2649825223937
chr13	16337461	39	57	1.32043131899994	0.105	C>T	2	8	1	-10.2411146959154
chr13	16376081	39	59	1.32043131899994	0.102	G>T	2	8	1	-10.2411146959154
chr13	16532488	39	44	1.32043131899994	0.136	G>A	2	8	1	-10.2649825223937
chr13	16581591	39	47	1.32043131899994	0.234	A>G	2	8	2	-10.3866318011695
chr13	16933426	39	50	1.32043131899994	0.1	G>C	2	8	1	-10.2411146959154
chr13	17129816	38	54	1.32043131899994	0.13	G>C	2	8	1	-10.1246457639304
chr13	17191549	38	61	1.32043131899994	0.131	A>G	2	8	1	-10.1246457639304
chr13	17255855	38	94	1.32043131899994	0.117	A>G	2	8	1	-10.0698456734445
chr13	17293511	40	65	1.32043131899994	0.123	T>A	2	8	1	-10.0698456734445
chr13	17373044	38	92	1.32043131899994	0.109	G>T	2	8	1	-10.1063878458861
chr13	17413968	40	48	1.32043131899994	0.167	C>A	2	8	1	-11.1525820807126
chr13	17743934	38	40	1.15124118290587	0.15	G>A	2	7	1	-10.2055708086616
chr13	34181611	48	40	0.926361361178199	0.475	C>T	2	5	2	-12.3125068935913
chr13	34181613	48	40	0.926361361178199	0.475	G>A	2	5	2	-12.3125068935913
chr13	63043378	30	74	1.08631591732995	0.162	T>G	2	6	1	-10.2461799854855
chr13	114199746	76	45	0.920706021621089	0.111	C>T	2	5	1	-12.7095804380966
chr14	76651755	47	45	1.09915391951447	0.333	C>T	2	6	2	-10.4954690029599
chr14	77601891	46	40	1.09915391951447	0.1	T>C	2	6	1	-11.6728153528734
chr14	77601893	46	40	1.09915391951447	0.1	C>G	2	6	1	-11.6728153528734
chr14	77601942	46	40	1.09915391951447	0.1	G>A	2	6	1	-11.6728153528734
chr14	78795244	35	49	1.10236282708916	0.184	T>C	2	6	1	-10.3983098893133
chr14	105594663	55	45	0.980312758100558	0.156	G>A	2	6	1	-10.1978257290727
chr14	105663416	62	49	0.980312758100558	0.204	G>A	2	6	1	-10.7671606921996
chr14	105663572	62	54	0.980312758100558	0.278	G>T	2	6	2	-10.8733928352691
chr14	105700422	59	43	0.980312758100558	0.279	G>A	2	6	2	-10.8733928352691
chr15	17069140	37	45	1.42299908825145	0.156	T>G	2	9	2	-11.2848388257339
chr15	17077577	36	61	1.42299908825145	0.115	C>T	2	9	1	-10.1431630413269
chr15	17080901	42	61	1.42299908825145	0.115	G>A	2	9	1	-10.1431630413269
chr15	17081469	46	46	1.42299908825145	0.152	C>T	2	9	1	-10.951879377587
chr15	17082099	46	77	1.42299908825145	0.104	A>T	2	9	1	-10.0526393738247
chr15	17082828	46	43	1.42299908825145	0.186	T>C	2	9	2	-10.5186073537765
chr15	20102477	67	66	1.38679713080339	0.121	G>C	2	8	1	-10.0721082783577
chr15	20263364	46	52	1.38679713080339	0.115	G>T	2	8	1	-10.0721082783577
chr15	20310310	28	50	1.38679713080339	0.12	T>C	2	8	1	-10.0721082783577
chr15	20343191	67	46	1.38679713080339	0.217	A>C	2	8	2	-10.4867166991765
chr15	20343682	67	65	1.38679713080339	0.215	C>A	2	8	2	-10.4867166991765
chr15	20343820	67	43	1.38679713080339	0.116	C>G	2	8	1	-10.0721082783577
chr15	20343974	64	97	1.38679713080339	0.124	G>C	2	8	1	-10.0721082783577
chr15	20344024	56	108	1.38679713080339	0.12	C>A	2	8	1	-10.0721082783577
chr15	21045926	45	48	1.38679713080339	0.167	G>T	2	8	1	-11.1548446856258
chr15	21060162	44	47	1.38679713080339	0.404	C>T	2	8	3	-10.6914597190226
chr15	23041798	61	40	1.69179650916455	0.15	G>T	2	10	2	-10.8819377895922
chr15	24703937	32	47	1.29113340642655	0.191	A>T	2	8	2	-11.1670222744645
chr15	30687045	40	42	1.22727379012747	0.119	C>T	2	7	1	-10.2540954989794
chr15	33454880	45	43	1.22312446637706	0.233	G>C	2	7	2	-10.9766096260154
chr15	36003579	41	41	1.17387443553657	0.244	A>G	2	7	2	-10.7442041144172
chr15	40466691	59	40	1.17387443553657	0.125	T>C	2	7	1	-10.2414876551892
chr15	44749303	38	54	1.17387443553657	0.222	C>G	2	7	2	-11.2392624692879
chr15	49451676	28	40	1.15976731592645	0.1	T>C	2	7	1	-10.7140527762122
chr15	49998746	37	48	1.15976731592645	0.104	A>G	2	7	1	-10.7140527762122
chr15	49998788	37	46	1.15976731592645	0.13	G>C	2	7	1	-10.1456396963991
chr15	49998789	37	47	1.15976731592645	0.128	G>A	2	7	1	-10.1456396963991
chr15	49998814	37	47	1.15976731592645	0.128	C>T	2	7	1	-10.1456396963991
chr15	49998816	37	48	1.15976731592645	0.125	T>A	2	7	1	-10.2414876551892
chr15	49998877	37	43	1.15976731592645	0.14	A>C	2	7	1	-10.1353284055863
chr15	49998880	37	40	1.15976731592645	0.15	G>C	2	7	1	-10.2055708086616
chr15	62333109	50	45	1.15976731592645	0.133	C>T	2	7	1	-10.1456396963991
chr15	69928613	49	41	1.15976731592645	0.268	A>T	2	7	2	-10.4025885673775
chr15	85258351	63	44	1.19821774202864	0.159	C>A	2	7	1	-10.3646556164278
chr15	86417021	38	44	1.19821774202864	0.341	C>A	2	7	2	-11.3235552838236
chr15	86931826	40	40	1.19821774202864	0.1	A>G	2	7	1	-10.7266606200024
chr15	88314868	46	40	1.19821774202864	0.1	A>T	2	7	1	-10.7266606200024
chr15	90831777	47	42	1.19821774202864	0.238	G>A	2	7	2	-10.7568119582074
chr15	96165063	37	40	1.19821774202864	0.25	G>A	2	7	2	-10.590908366487
chr15	99223469	45	40	1.19821774202864	0.125	C>T	2	7	1	-10.2540954989794
chr16	1025478	63	64	0.967176839632502	0.234	T>G	2	6	1	-11.8825783211262
chr16	1025533	63	47	0.967176839632502	0.149	G>A	2	6	1	-10.2640256820389
chr16	1025645	63	44	0.967176839632502	0.295	T>C	2	6	2	-10.5979599653369
chr16	1025646	63	45	0.967176839632502	0.222	G>T	2	6	1	-11.464691827629
chr16	1251819	42	41	0.967176839632502	0.146	C>T	2	6	1	-10.2640256820389
chr16	9730162	40	43	0.967176839632502	0.116	G>T	2	6	1	-10.8322577104732
chr16	9730164	40	43	0.967176839632502	0.116	G>A	2	6	1	-10.8322577104732
chr16	18212543	50	52	0.967176839632502	0.115	G>T	2	6	1	-10.8322577104732
chr16	26380499	47	50	0.967176839632502	0.4	T>A	2	6	2	-11.7504001466751
chr16	32127420	33	55	0.967176839632502	0.109	G>C	2	6	1	-11.1968863261597
chr16	32386545	40	44	0.967176839632502	0.409	T>A	2	6	3	-11.7398697808922
chr16	32386548	40	46	0.967176839632502	0.348	G>T	2	6	2	-10.6298958857119
chr16	32386553	40	45	0.967176839632502	0.378	T>G	2	6	2	-11.1757859041467
chr16	32386555	40	45	0.967176839632502	0.356	G>T	2	6	2	-10.769118250024
chr16	33339576	67	61	0.967176839632502	0.131	T>C	2	6	1	-10.5589713577142
chr16	34097420	47	59	1.14033832342619	0.119	C>T	2	7	1	-10.2687351552882
chr16	34201478	38	41	1.10006960498259	0.171	C>G	2	6	1	-10.2876776349561
chr16	34201479	38	41	1.10006960498259	0.22	A>G	2	6	1	-11.4778075610685
chr16	34201503	38	40	1.10006960498259	0.175	C>G	2	6	1	-10.3983098893133
chr16	34600101	36	47	1.21886522408341	0.106	C>A	2	7	1	-10.441285720697
chr16	34600102	36	46	1.21886522408341	0.109	A>T	2	7	1	-10.441285720697
chr16	34600108	36	48	1.21886522408341	0.104	T>C	2	7	1	-10.7266606200024
chr16	34604724	36	48	1.21886522408341	0.125	C>A	2	7	1	-10.2540954989794
chr16	34604729	36	49	1.21886522408341	0.122	T>C	2	7	1	-10.2540954989794
chr16	34604734	36	47	1.21886522408341	0.128	T>A	2	7	1	-10.1582475401893
chr16	34604753	36	48	1.21886522408341	0.125	C>G	2	7	1	-10.2540954989794
chr16	34707344	35	51	1.21886522408341	0.118	G>T	2	7	1	-10.2540954989794
chr16	34707346	35	50	1.21886522408341	0.12	A>G	2	7	1	-10.2540954989794
chr16	34719200	35	47	1.21886522408341	0.106	A>G	2	7	1	-10.441285720697
chr16	34719206	35	49	1.21886522408341	0.102	T>C	2	7	1	-10.7266606200024
chr16	34760914	37	56	1.21886522408341	0.125	A>T	2	7	1	-10.2540954989794
chr16	34760915	37	54	1.21886522408341	0.13	T>G	2	7	1	-10.1582475401893
chr16	34808553	28	45	1.44060080663743	0.111	A>T	2	9	1	-10.048808868782
chr16	34812615	25	44	1.44060080663743	0.182	T>A	2	9	2	-10.7068472549317
chr16	34813953	37	51	1.44060080663743	0.118	A>T	2	9	1	-10.1431630413269
chr16	34816390	35	48	1.44060080663743	0.104	G>A	2	9	1	-10.0526393738247
chr16	35717801	39	46	1.43880159278965	0.13	C>T	2	9	1	-10.3288594767994
chr16	36096404	41	115	1.43880159278965	0.139	C>A	2	9	1	-10.6000925802492
chr16	36198136	36	69	1.43880159278965	0.116	T>C	2	9	1	-10.1431630413269
chr16	36198150	36	67	1.43880159278965	0.119	A>C	2	9	1	-10.1431630413269
chr16	36198185	36	59	1.43880159278965	0.153	T>C	2	9	1	-10.951879377587
chr16	36198189	36	57	1.43880159278965	0.14	A>G	2	9	1	-10.6000925802492
chr16	36198200	36	57	1.43880159278965	0.158	C>T	2	9	2	-11.2848388257339
chr16	36198228	36	50	1.43880159278965	0.16	G>T	2	9	2	-11.2848388257339
chr16	37404604	39	41	1.01557537805017	0.195	C>T	2	6	1	-10.7671606921996
chr16	37404611	39	40	1.01557537805017	0.2	G>A	2	6	1	-10.7671606921996
chr16	50179225	42	40	1.14465682201262	0.1	G>T	2	7	1	-10.7413002763111
chr16	50179245	42	43	1.14465682201262	0.14	C>T	2	7	1	-10.1625759056853
chr16	61101380	27	40	1.14465682201262	0.275	G>T	2	7	2	-10.417535060201
chr16	69472359	40	40	1.14465682201262	0.1	T>C	2	7	1	-10.7413002763111
chr16	69472360	40	40	1.14465682201262	0.1	G>A	2	7	1	-10.7413002763111
chr16	69472379	40	41	1.14465682201262	0.122	A>G	2	7	1	-10.2687351552882
chr16	79771839	41	52	1.14465682201262	0.346	G>A	2	7	3	-11.4896732160028
chr16	81146524	51	43	1.14465682201262	0.488	T>G	2	7	4	-11.4934868503283
chr16	86522874	49	47	1.09995410893882	0.106	A>G	2	6	1	-11.2100020595992
chr17	221501	54	66	1.11487568375525	0.121	G>T	2	7	1	-10.2687351552882
chr17	619820	59	40	0.993508536207687	0.125	A>G	2	6	1	-10.7970191874999
chr17	14765100	38	40	0.993508536207687	0.225	A>G	2	6	1	-11.4294533046557
chr17	21428887	38	51	1.08740149536144	0.118	T>C	2	6	1	-10.8453734439127
chr17	21687986	56	41	1.08327305230773	0.122	C>T	2	6	1	-10.8453734439127
chr17	21787646	31	58	1.08327305230773	0.138	G>C	2	6	1	-10.384337406372
chr17	21787647	31	58	1.08327305230773	0.138	A>C	2	6	1	-10.384337406372
chr17	21787766	31	61	1.08327305230773	0.295	T>C	2	6	2	-10.6110756987764
chr17	21788447	38	55	1.08327305230773	0.109	A>C	2	6	1	-11.2100020595992
chr17	21788462	38	55	1.08327305230773	0.109	G>T	2	6	1	-11.2100020595992
chr17	21788475	38	53	1.08327305230773	0.113	A>C	2	6	1	-11.2100020595992
chr17	21834390	34	63	1.08327305230773	0.206	T>C	2	6	1	-11.1171118559195
chr17	21834546	34	90	1.08327305230773	0.156	A>C	2	6	1	-10.2461799854855
chr17	21840507	35	47	1.08327305230773	0.106	C>T	2	6	1	-11.2100020595992
chr17	21840802	35	49	1.08327305230773	0.163	C>G	2	6	1	-10.2461799854855
chr17	21844217	52	41	1.08327305230773	0.195	C>T	2	6	1	-10.8155149486123
chr17	21844222	52	45	1.08327305230773	0.156	C>A	2	6	1	-10.2461799854855
chr17	21847328	39	55	1.08327305230773	0.109	G>C	2	6	1	-11.2100020595992
chr17	21857237	40	80	1.08327305230773	0.125	T>A	2	6	1	-10.8453734439127
chr17	21857773	40	42	1.08327305230773	0.119	G>C	2	6	1	-10.8453734439127
chr17	21859672	38	46	1.08327305230773	0.109	G>C	2	6	1	-11.2100020595992
chr17	21859711	38	50	1.08327305230773	0.1	A>G	2	6	1	-11.6728153528734
chr17	21859734	38	48	1.08327305230773	0.104	A>T	2	6	1	-11.6728153528734
chr17	21865042	37	54	1.0423897453373	0.111	T>G	2	6	1	-11.1660145348055
chr17	21865044	37	54	1.0423897453373	0.111	A>G	2	6	1	-11.1660145348055
chr17	21865046	37	55	1.0423897453373	0.109	G>T	2	6	1	-11.1660145348055
chr17	21865052	37	50	1.0423897453373	0.12	G>A	2	6	1	-10.801385919119
chr17	21865058	37	50	1.0423897453373	0.12	T>A	2	6	1	-10.801385919119
chr17	21865066	37	50	1.0423897453373	0.12	C>T	2	6	1	-10.801385919119
chr17	21872589	40	47	1.0423897453373	0.17	A>G	2	6	1	-10.2436901101624
chr17	21872664	40	45	1.0423897453373	0.133	A>C	2	6	1	-10.52809956636
chr17	21883705	40	52	1.164	0.115	T>C	2	7	1	-10.2414876551892
chr17	21883737	40	70	1.175	0.129	G>A	2	7	1	-10.1456396963991
chr17	21976831	40	40	1.49738874617303	0.125	A>G	2	9	1	-10.1112265039741
chr17	21988649	39	40	1.11326198756979	0.1	A>C	2	7	1	-10.7413002763111
chr17	22044482	57	41	1.11326198756979	0.122	C>A	2	7	1	-10.2687351552882
chr17	22052756	44	47	1.11326198756979	0.106	C>T	2	7	1	-10.4559253770058
chr17	22052843	44	44	1.11326198756979	0.114	C>T	2	7	1	-10.4559253770058
chr17	22915511	41	40	1.11326198756979	0.125	A>T	2	7	1	-10.2687351552882
chr17	23014289	40	43	1.11567646447188	0.116	T>C	2	7	1	-10.2687351552882
chr17	23014307	40	44	1.11567646447188	0.114	C>G	2	7	1	-10.4559253770058
chr17	26740049	38	56	0.928845965002734	0.107	C>G	2	5	1	-12.7095804380966
chr17	26740053	38	56	0.928845965002734	0.107	C>A	2	5	1	-12.7095804380966
chr17	26792420	39	48	1.08001337964317	0.271	G>A	2	6	2	-11.1499113269034
chr17	26792431	39	50	1.08001337964317	0.26	C>T	2	6	2	-11.4280488583517
chr17	26792435	39	52	1.08001337964317	0.25	T>A	2	6	2	-11.7573497381149
chr17	26792437	39	53	1.08001337964317	0.245	G>C	2	6	2	-12.1391165577814
chr17	26792462	39	50	1.08001337964317	0.22	G>A	2	6	1	-11.4778075610685
chr17	26792466	39	50	1.08001337964317	0.24	G>A	2	6	2	-12.1391165577814
chr17	26792473	39	48	1.08001337964317	0.25	G>C	2	6	2	-11.7573497381149
chr17	26831568	40	40	1.09577392397894	0.175	G>A	2	6	1	-10.3983098893133
chr17	26833086	38	41	1.09577392397894	0.146	A>T	2	6	1	-10.2771414154784
chr17	26877379	39	84	1.26382169678742	0.107	G>A	2	8	1	-10.1445065019095
chr17	26937364	45	42	1.26382169678742	0.119	G>C	2	8	1	-10.1079643294679
chr17	26938526	45	68	1.26382169678742	0.147	C>T	2	8	1	-10.5239916307684
chr17	26938531	45	74	1.26382169678742	0.135	G>T	2	8	1	-10.3031011784171
chr17	26945148	35	51	1.26382169678742	0.157	T>C	2	8	1	-10.8211166440205
chr17	26945316	35	43	1.26382169678742	0.186	G>A	2	8	2	-11.1670222744645
chr17	26945321	35	42	1.26382169678742	0.19	C>G	2	8	2	-11.1670222744645
chr17	26945404	35	44	1.26382169678742	0.182	G>A	2	8	2	-11.5059102248957
chr17	26967197	34	51	1.26382169678742	0.176	C>T	2	8	2	-11.5059102248957
chr17	26972226	32	78	1.26382169678742	0.103	G>C	2	8	1	-10.2792333519387
chr17	26996164	43	41	1.26382169678742	0.146	T>C	2	8	1	-10.5239916307684
chr17	27208402	38	43	0.935592638707865	0.116	C>T	2	5	1	-12.129088594464
chr17	30407830	38	44	0.935592638707865	0.159	A>G	2	5	1	-10.6664422242525
chr17	51800980	35	42	0.923019848077428	0.19	C>A	2	5	1	-10.3478032804019
chr17	52616019	38	42	0.923019848077428	0.119	C>T	2	5	1	-12.129088594464
chr17	52616020	38	42	0.923019848077428	0.119	A>C	2	5	1	-12.129088594464
chr17	54843226	36	42	0.923019848077428	0.262	A>T	2	5	1	-11.7376266442062
chr17	55147564	39	40	0.923019848077428	0.4	C>T	2	5	2	-10.5911525982763
chr17	66837191	53	44	0.923019848077428	0.273	C>T	2	5	1	-12.1526362933179
chr17	70404930	37	45	0.923019848077428	0.178	C>A	2	5	1	-10.3868456721881
chr17	73450542	55	41	0.923019848077428	0.39	C>T	2	5	2	-10.5587210730318
chr17	77901476	51	49	0.923019848077428	0.286	G>T	2	5	2	-12.6024165814911
chr17	78625503	51	40	0.923019848077428	0.1	C>T	2	5	1	-13.3882569593169
chr17	83052614	70	40	0.923019848077428	0.125	C>T	2	5	1	-12.129088594464
chr18	337856	49	47	1.07343646931073	0.277	C>A	2	6	2	-10.9217470916819
chr18	1603314	37	49	1.07343646931073	0.265	A>T	2	6	2	-11.4280488583517
chr18	14186352	32	58	1.08792416599749	0.224	C>T	2	6	1	-11.4778075610685
chr18	14263875	44	48	1.08792416599749	0.167	A>G	2	6	1	-10.2876776349561
chr18	15173963	35	49	1.08792416599749	0.122	G>T	2	6	1	-10.8453734439127
chr18	15791763	37	41	1.15314842600883	0.122	G>T	2	7	1	-10.2414876551892
chr18	20279134	40	49	1.14354425240588	0.204	A>G	2	7	1	-11.6583838117389
chr18	20473615	39	62	1.14354425240588	0.161	G>T	2	7	1	-10.3792952727365
chr18	20944879	36	41	1.12788657338792	0.366	C>T	2	7	3	-11.0000908891347
chr18	20944911	36	47	1.12788657338792	0.34	T>C	2	7	2	-11.3381949401323
chr18	24175480	38	40	1.12788657338792	0.325	G>A	2	7	2	-10.8476193312214
chr18	33503195	32	44	1.12788657338792	0.182	G>A	2	7	1	-10.8863019645021
chr18	33612451	31	41	1.12788657338792	0.415	G>A	2	7	3	-10.511462790572
chr18	37780619	50	48	1.12788657338792	0.188	C>T	2	7	1	-11.2405611946308
chr18	49067133	46	47	1.12788657338792	0.106	G>A	2	7	1	-10.4559253770058
chr18	49067168	46	48	1.12788657338792	0.146	G>A	2	7	1	-10.2328183087605
chr18	52438217	37	41	1.12788657338792	0.171	T>A	2	7	1	-10.598231316176
chr18	69253719	41	50	1.12788657338792	0.12	G>T	2	7	1	-10.2687351552882
chr18	74616827	41	49	1.12788657338792	0.122	C>T	2	7	1	-10.2687351552882
chr18	75282138	55	41	1.12788657338792	0.293	C>G	2	7	2	-10.4541186948691
chr18	77082855	47	43	1.12788657338792	0.14	T>C	2	7	1	-10.1625759056853
chr18	77252899	49	40	1.12788657338792	0.125	C>T	2	7	1	-10.2687351552882
chr18	78010212	48	41	1.12788657338792	0.171	G>A	2	7	1	-10.598231316176
chr18	78010315	48	49	1.12788657338792	0.204	T>G	2	7	1	-11.6583838117389
chr18	79038758	44	58	1.12788657338792	0.155	T>C	2	7	1	-10.3792952727365
chr19	7331236	39	41	0.955495977024131	0.122	C>T	2	6	1	-10.8322577104732
chr19	24252223	36	45	1.39449909123642	0.111	C>T	2	8	1	-10.1086504507992
chr19	24409748	38	120	1.09944999112219	0.108	C>T	2	6	1	-11.2100020595992
chr19	24419613	36	78	1.09944999112219	0.115	A>T	2	6	1	-10.8453734439127
chr19	24419614	36	79	1.09944999112219	0.114	A>G	2	6	1	-11.2100020595992
chr19	27244477	37	44	1.27419309249113	0.295	T>C	2	8	2	-11.2141600558386
chr19	27244486	37	44	1.27419309249113	0.295	G>T	2	8	2	-11.2141600558386
chr19	27309169	38	41	1.27419309249113	0.146	C>T	2	8	1	-10.5239916307684
chr19	27309171	38	40	1.27419309249113	0.15	G>A	2	8	1	-10.5239916307684
chr19	27309179	38	41	1.27419309249113	0.146	A>T	2	8	1	-10.5239916307684
chr19	27321954	37	45	1.27419309249113	0.111	A>T	2	8	1	-10.1445065019095
chr19	27321971	37	44	1.27419309249113	0.114	T>A	2	8	1	-10.1445065019095
chr19	29435736	50	47	1.18203719454356	0.362	A>G	2	7	3	-11.1961829721078
chr19	31715575	49	47	1.18203719454356	0.426	A>G	2	7	3	-10.5095979832636
chr19	41036781	46	40	1.18203719454356	0.125	A>T	2	7	1	-10.2414876551892
chr19	43015689	50	40	0.900379536630165	0.275	G>A	2	5	1	-12.5547076430088
chr19	50576483	48	40	1.15474832022618	0.225	C>A	2	7	2	-11.2392624692879
chr19	54630102	53	41	0.894768685092905	0.341	C>G	2	5	2	-10.9659412891375
chr19	54630105	53	41	0.894768685092905	0.341	G>C	2	5	2	-10.9659412891375
chr19	54630125	53	43	0.894768685092905	0.372	G>A	2	5	2	-10.5560789123572
chr19	54630126	53	45	0.894768685092905	0.356	T>G	2	5	2	-10.6496181477687
chr19	54630128	53	45	0.894768685092905	0.356	G>T	2	5	2	-10.6496181477687
chr19	54630141	53	45	0.894768685092905	0.4	T>A	2	5	2	-10.5282410026288
chr19	54630190	53	49	0.894768685092905	0.388	G>A	2	5	2	-10.4958094773843
chr19	54630204	53	46	0.894768685092905	0.348	G>T	2	5	2	-10.7860605439044
chr19	54630205	53	45	0.894768685092905	0.333	T>C	2	5	2	-11.1898474486085
chr19	54749189	43	48	0.894768685092905	0.125	A>T	2	5	1	-12.0661769988165
chr19	54749214	43	44	0.894768685092905	0.114	C>G	2	5	1	-12.6466688424491
chr20	60826	47	40	1.07300409999392	0.125	T>A	2	6	1	-10.8453734439127
chr20	60850	47	42	1.07300409999392	0.119	A>T	2	6	1	-10.8453734439127
chr20	61436	47	60	1.07300409999392	0.133	T>C	2	6	1	-10.5720870911537
chr20	26081574	60	43	0.829497954075209	0.163	T>G	2	5	1	-10.597053865619
chr20	28576088	32	52	1.22076761031262	0.115	C>T	2	7	1	-10.2540954989794
chr20	28576133	32	53	1.22076761031262	0.113	T>C	2	7	1	-10.441285720697
chr20	28576142	32	52	1.22076761031262	0.115	G>C	2	7	1	-10.2540954989794
chr20	28631412	38	44	1.22076761031262	0.136	T>C	2	7	1	-10.1479362493765
chr20	28766743	37	76	1.23840190657724	0.171	T>G	2	7	1	-10.5835916598672
chr20	28783441	35	60	1.23840190657724	0.117	G>A	2	7	1	-10.2540954989794
chr20	28805758	36	62	1.23840190657724	0.113	T>C	2	7	1	-10.441285720697
chr20	28805766	36	62	1.23840190657724	0.113	G>A	2	7	1	-10.441285720697
chr20	28805768	36	62	1.23840190657724	0.113	G>A	2	7	1	-10.441285720697
chr20	28805954	36	48	1.23840190657724	0.188	A>T	2	7	1	-11.2259215383221
chr20	28832608	35	59	1.23840190657724	0.119	T>A	2	7	1	-10.2540954989794
chr20	28832672	35	50	1.23840190657724	0.18	A>G	2	7	1	-10.8716623081933
chr20	28897456	43	42	1.23840190657724	0.143	C>T	2	7	1	-10.1479362493765
chr20	28903271	35	65	1.20873652935446	0.108	A>G	2	7	1	-10.441285720697
chr20	28903319	35	66	1.20873652935446	0.121	G>C	2	7	1	-10.2540954989794
chr20	28903330	35	70	1.20873652935446	0.114	G>C	2	7	1	-10.441285720697
chr20	28914419	38	42	1.20873652935446	0.119	C>A	2	7	1	-10.2540954989794
chr20	28918271	37	44	1.20873652935446	0.114	T>C	2	7	1	-10.441285720697
chr20	28918306	37	47	1.20873652935446	0.106	G>C	2	7	1	-10.441285720697
chr20	28918350	37	44	1.20873652935446	0.114	C>T	2	7	1	-10.441285720697
chr20	28918379	37	48	1.20873652935446	0.104	G>A	2	7	1	-10.7266606200024
chr20	28941009	36	60	1.20873652935446	0.133	G>C	2	7	1	-10.1582475401893
chr20	29029470	41	41	1.20873652935446	0.195	T>A	2	7	1	-11.6437441554302
chr20	29029484	41	40	1.20873652935446	0.175	T>G	2	7	1	-10.8716623081933
chr20	29029674	41	64	1.20873652935446	0.109	T>G	2	7	1	-10.441285720697
chr20	29110698	38	45	1.20873652935446	0.156	T>G	2	7	1	-10.3646556164278
chr20	29226310	35	52	1.295918197339	0.115	G>T	2	8	1	-10.1079643294679
chr20	29226312	35	56	1.295918197339	0.107	A>G	2	8	1	-10.1445065019095
chr20	29226319	35	55	1.295918197339	0.109	C>G	2	8	1	-10.1445065019095
chr20	29309444	45	46	1.33298305140532	0.13	C>T	2	8	1	-10.1246457639304
chr20	29337378	30	71	1.21501709358721	0.197	A>G	2	7	1	-11.6437441554302
chr20	29337392	30	69	1.21501709358721	0.203	A>T	2	7	1	-11.6437441554302
chr20	29373132	42	48	1.21501709358721	0.146	A>C	2	7	1	-10.2181786524518
chr20	29376389	37	58	1.21501709358721	0.138	G>A	2	7	1	-10.1479362493765
chr20	29389388	40	57	1.21501709358721	0.105	C>T	2	7	1	-10.7266606200024
chr20	29454376	40	55	1.21501709358721	0.145	T>C	2	7	1	-10.1479362493765
chr20	29454394	40	54	1.21501709358721	0.111	G>A	2	7	1	-10.441285720697
chr20	29510663	31	50	1.21501709358721	0.1	C>T	2	7	1	-10.7266606200024
chr20	29510668	31	50	1.21501709358721	0.16	A>G	2	7	1	-10.3646556164278
chr20	29512365	35	64	1.21501709358721	0.172	G>A	2	7	1	-10.5835916598672
chr20	29647863	36	45	1.21501709358721	0.111	A>T	2	7	1	-10.441285720697
chr20	29647867	36	47	1.21501709358721	0.106	G>T	2	7	1	-10.441285720697
chr20	29679961	37	43	1.21767841272832	0.14	T>G	2	7	1	-10.1479362493765
chr20	29679965	37	42	1.21767841272832	0.167	A>G	2	7	1	-10.5835916598672
chr20	29698385	37	53	1.21767841272832	0.132	T>A	2	7	1	-10.1582475401893
chr20	29800491	45	55	1.21767841272832	0.255	T>C	2	7	2	-10.4774707146698
chr20	29800495	45	57	1.21767841272832	0.263	C>T	2	7	2	-10.4774707146698
chr20	29800500	45	58	1.21767841272832	0.276	T>C	2	7	2	-10.4028954038922
chr20	29825396	40	40	1.21767841272832	0.1	T>G	2	7	1	-10.7266606200024
chr20	29825415	40	41	1.21767841272832	0.122	A>G	2	7	1	-10.2540954989794
chr20	29838441	36	46	1.21767841272832	0.152	A>T	2	7	1	-10.2181786524518
chr20	29838442	36	46	1.21767841272832	0.109	C>T	2	7	1	-10.441285720697
chr20	29838446	36	48	1.21767841272832	0.146	A>G	2	7	1	-10.2181786524518
chr20	29838447	36	47	1.21767841272832	0.149	T>C	2	7	1	-10.2181786524518
chr20	29838462	36	42	1.21767841272832	0.167	G>T	2	7	1	-10.5835916598672
chr20	29838472	36	41	1.21767841272832	0.171	C>T	2	7	1	-10.5835916598672
chr20	29847385	38	42	1.21767841272832	0.119	C>G	2	7	1	-10.2540954989794
chr20	29847390	38	41	1.21767841272832	0.122	A>C	2	7	1	-10.2540954989794
chr20	29847391	38	42	1.21767841272832	0.119	T>A	2	7	1	-10.2540954989794
chr20	29847408	38	40	1.21767841272832	0.125	C>A	2	7	1	-10.2540954989794
chr20	29847435	38	48	1.21767841272832	0.104	G>A	2	7	1	-10.7266606200024
chr20	29847469	38	47	1.21767841272832	0.106	T>C	2	7	1	-10.441285720697
chr20	29847477	38	47	1.21767841272832	0.106	A>C	2	7	1	-10.441285720697
chr20	29847480	38	48	1.21767841272832	0.125	C>G	2	7	1	-10.2540954989794
chr20	29847484	38	49	1.21767841272832	0.102	A>T	2	7	1	-10.7266606200024
chr20	29847487	38	48	1.21767841272832	0.104	T>C	2	7	1	-10.7266606200024
chr20	29847494	38	50	1.21767841272832	0.12	G>C	2	7	1	-10.2540954989794
chr20	29847517	38	50	1.21767841272832	0.1	G>T	2	7	1	-10.7266606200024
chr20	29859307	36	55	1.21767841272832	0.145	T>C	2	7	1	-10.1479362493765
chr20	30176918	41	40	1.23554232850518	0.125	T>G	2	7	1	-10.2540954989794
chr20	30176939	41	42	1.23554232850518	0.119	A>T	2	7	1	-10.2540954989794
chr20	30202339	44	43	1.23554232850518	0.163	G>A	2	7	1	-10.3646556164278
chr20	30355288	31	49	1.23554232850518	0.102	C>T	2	7	1	-10.7266606200024
chr20	30356612	42	47	1.23554232850518	0.106	G>T	2	7	1	-10.441285720697
chr20	30356655	42	45	1.23554232850518	0.111	G>A	2	7	1	-10.441285720697
chr20	30356676	42	46	1.23554232850518	0.109	G>A	2	7	1	-10.441285720697
chr20	30375112	37	40	1.23554232850518	0.1	T>G	2	7	1	-10.7266606200024
chr20	30379292	32	42	1.23554232850518	0.19	A>C	2	7	1	-11.2259215383221
chr20	30379300	32	43	1.23554232850518	0.186	A>G	2	7	1	-11.2259215383221
chr20	30389281	28	48	1.23554232850518	0.167	C>G	2	7	1	-10.5835916598672
chr20	30390196	31	53	1.23554232850518	0.17	C>A	2	7	1	-10.5835916598672
chr20	30391271	31	88	1.23554232850518	0.114	T>C	2	7	1	-10.441285720697
chr20	30403838	31	68	1.23554232850518	0.103	C>A	2	7	1	-10.7266606200024
chr20	30413893	41	54	1.23554232850518	0.185	T>C	2	7	1	-10.8716623081933
chr20	30418654	49	47	1.23554232850518	0.149	T>C	2	7	1	-10.2181786524518
chr20	30418666	49	49	1.23554232850518	0.122	T>G	2	7	1	-10.2540954989794
chr20	30495393	37	41	1.23211599853984	0.146	C>G	2	7	1	-10.2181786524518
chr20	30495396	37	41	1.23211599853984	0.146	T>A	2	7	1	-10.2181786524518
chr20	30495401	37	42	1.23211599853984	0.143	C>T	2	7	1	-10.1479362493765
chr20	30576534	35	61	1.23211599853984	0.213	G>T	2	7	2	-11.5843217884891
chr20	30636723	45	47	1.28465860398459	0.106	A>G	2	8	1	-10.1445065019095
chr20	30653516	55	50	1.28465860398459	0.1	A>G	2	8	1	-10.2792333519387
chr20	30858222	30	69	1.28425024707768	0.13	C>T	2	8	1	-10.1627644199538
chr20	30858238	30	68	1.28425024707768	0.147	C>T	2	8	1	-10.5239916307684
chr20	30862768	41	41	1.28425024707768	0.122	T>C	2	8	1	-10.1079643294679
chr20	30872227	51	66	1.28425024707768	0.106	C>A	2	8	1	-10.1445065019095
chr20	30875626	39	48	1.28425024707768	0.104	C>G	2	8	1	-10.2792333519387
chr20	30879781	37	49	1.28425024707768	0.143	C>G	2	8	1	-10.3031011784171
chr20	30882437	28	50	1.28425024707768	0.14	C>A	2	8	1	-10.3031011784171
chr20	30882465	28	49	1.28425024707768	0.122	A>T	2	8	1	-10.1079643294679
chr20	30915436	53	42	1.28425024707768	0.19	G>C	2	8	2	-11.1670222744645
chr20	30916271	36	58	1.28425024707768	0.103	G>A	2	8	1	-10.2792333519387
chr20	30916276	36	58	1.28425024707768	0.103	T>C	2	8	1	-10.2792333519387
chr20	30916277	36	57	1.28425024707768	0.105	C>A	2	8	1	-10.2792333519387
chr20	30916294	36	59	1.28425024707768	0.153	C>A	2	8	1	-10.5239916307684
chr20	30923348	36	45	1.15752822352007	0.178	C>T	2	7	1	-10.8590544644031
chr20	30977610	36	40	1.1957723970015	0.1	A>C	2	7	1	-10.7140527762122
chr20	30977883	36	43	1.1957723970015	0.163	A>C	2	7	1	-10.3520477726376
chr20	30977885	36	43	1.1957723970015	0.163	G>T	2	7	1	-10.3520477726376
chr20	30977897	36	45	1.1957723970015	0.156	G>A	2	7	1	-10.3520477726376
chr20	30977900	36	42	1.1957723970015	0.167	G>C	2	7	1	-10.570983816077
chr20	30977908	36	43	1.1957723970015	0.163	T>C	2	7	1	-10.3520477726376
chr20	30977916	36	42	1.1957723970015	0.143	T>G	2	7	1	-10.1353284055863
chr20	30977921	36	41	1.1957723970015	0.146	T>A	2	7	1	-10.2055708086616
chr20	30977923	36	41	1.1957723970015	0.146	C>T	2	7	1	-10.2055708086616
chr20	31106866	37	67	1.1957723970015	0.134	T>A	2	7	1	-10.1456396963991
chr20	31166704	39	61	1.1957723970015	0.115	T>G	2	7	1	-10.2414876551892
chr20	31184296	40	40	1.1957723970015	0.1	A>C	2	7	1	-10.7140527762122
chr20	31189350	39	44	1.1957723970015	0.205	A>T	2	7	1	-11.6311363116399
chr20	31651706	47	49	1.14574025026362	0.286	G>A	2	7	2	-10.4541186948691
chr20	34659172	65	47	1.14574025026362	0.17	C>G	2	7	1	-10.598231316176
chr20	38462423	58	74	1.14574025026362	0.122	C>T	2	7	1	-10.2687351552882
chr20	39489926	41	50	1.14574025026362	0.36	A>C	2	7	3	-11.2234304722067
chr20	40623211	39	41	1.14574025026362	0.171	C>T	2	7	1	-10.598231316176
chr20	40623229	39	42	1.14574025026362	0.167	C>T	2	7	1	-10.598231316176
chr20	41649461	46	40	1.14574025026362	0.1	G>C	2	7	1	-10.7413002763111
chr20	42962073	40	40	1.14574025026362	0.2	G>C	2	7	1	-11.6583838117389
chr20	43520330	35	40	1.14574025026362	0.3	C>T	2	7	2	-10.5385901231877
chr20	44715096	56	40	1.14574025026362	0.1	G>A	2	7	1	-10.7413002763111
chr20	45492626	48	45	1.14574025026362	0.111	A>G	2	7	1	-10.4559253770058
chr20	47895002	53	62	1.14574025026362	0.113	G>A	2	7	1	-10.4559253770058
chr20	48507333	56	65	1.14574025026362	0.169	A>G	2	7	1	-10.598231316176
chr20	49940531	50	48	1.14574025026362	0.208	A>C	2	7	2	-11.5989614447979
chr20	49940539	50	50	1.14574025026362	0.2	C>T	2	7	1	-11.6583838117389
chr20	49940563	50	50	1.14574025026362	0.2	C>T	2	7	1	-11.6583838117389
chr20	51925744	46	40	1.14574025026362	0.1	A>G	2	7	1	-10.7413002763111
chr20	52983946	45	56	1.14574025026362	0.339	G>A	2	7	2	-11.3381949401323
chr20	54773007	45	40	1.14574025026362	0.1	C>G	2	7	1	-10.7413002763111
chr20	55075098	38	40	1.14574025026362	0.15	A>C	2	7	1	-10.2328183087605
chr20	59769108	50	40	1.14574025026362	0.125	T>C	2	7	1	-10.2687351552882
chr20	60470936	43	50	1.14574025026362	0.42	C>A	2	7	3	-10.511462790572
chr20	61373170	50	45	1.14574025026362	0.133	C>T	2	7	1	-10.1728871964981
chr20	61376034	55	61	1.14574025026362	0.115	G>A	2	7	1	-10.2687351552882
chr20	62231984	58	44	1.14574025026362	0.25	C>T	2	7	2	-10.6055480227957
chr20	62560765	48	45	1.14574025026362	0.111	A>T	2	7	1	-10.4559253770058
chr20	62771804	63	55	1.14574025026362	0.236	A>G	2	7	2	-10.7714516145161
chr20	63693591	65	45	1.14574025026362	0.156	T>A	2	7	1	-10.3792952727365
chr20	64278190	60	42	1.14574025026362	0.167	C>T	2	7	1	-10.598231316176
chr21	5227529	41	49	1.16780832659115	0.102	T>A	2	7	1	-10.7140527762122
chr21	5231479	49	113	1.16780832659115	0.106	G>C	2	7	1	-10.4286778769068
chr21	5311403	36	50	1.16780832659115	0.28	G>A	2	7	2	-10.390287560102
chr21	7240008	38	41	1.16780832659115	0.195	G>A	2	7	1	-11.6311363116399
chr21	7240013	38	44	1.16780832659115	0.182	C>T	2	7	1	-10.8590544644031
chr21	7240023	38	42	1.16780832659115	0.19	T>C	2	7	1	-11.2133136945319
chr21	7240033	38	48	1.16780832659115	0.167	G>C	2	7	1	-10.570983816077
chr21	7240211	38	58	1.16780832659115	0.207	G>A	2	7	2	-11.5717139446989
chr21	7253747	36	40	1.16780832659115	0.2	A>G	2	7	1	-11.6311363116399
chr21	7253752	36	41	1.16780832659115	0.195	T>C	2	7	1	-11.6311363116399
chr21	7253766	36	41	1.16780832659115	0.195	T>C	2	7	1	-11.6311363116399
chr21	7253782	36	41	1.16780832659115	0.195	G>A	2	7	1	-11.6311363116399
chr21	7310886	36	43	1.16780832659115	0.163	A>C	2	7	1	-10.3520477726376
chr21	7926652	40	40	1.16780832659115	0.125	A>C	2	7	1	-10.2414876551892
chr21	7939164	40	62	1.16780832659115	0.113	T>C	2	7	1	-10.4286778769068
chr21	7942720	42	44	1.16780832659115	0.114	C>A	2	7	1	-10.4286778769068
chr21	7957247	49	76	1.16780832659115	0.171	G>C	2	7	1	-10.570983816077
chr21	8758976	44	73	1.19464744813825	0.233	G>A	2	7	2	-10.9640017822252
chr21	8798794	53	46	1.19464744813825	0.217	C>A	2	7	2	-11.2392624692879
chr21	8798823	53	48	1.19464744813825	0.167	A>C	2	7	1	-10.570983816077
chr21	8798864	53	49	1.19464744813825	0.163	A>T	2	7	1	-10.3520477726376
chr21	9025448	40	48	1.19464744813825	0.104	G>A	2	7	1	-10.7140527762122
chr21	9575165	47	54	1.15633145183983	0.111	T>C	2	7	1	-10.4286778769068
chr21	9575168	47	52	1.15633145183983	0.115	T>C	2	7	1	-10.2414876551892
chr21	9575179	47	53	1.15633145183983	0.113	G>C	2	7	1	-10.4286778769068
chr21	9575210	47	45	1.15633145183983	0.133	G>A	2	7	1	-10.1456396963991
chr21	9575220	47	43	1.15633145183983	0.163	G>A	2	7	1	-10.3520477726376
chr21	9575221	47	43	1.15633145183983	0.163	C>A	2	7	1	-10.3520477726376
chr21	9575224	47	41	1.15633145183983	0.122	T>A	2	7	1	-10.2414876551892
chr21	9577267	56	48	1.15633145183983	0.125	C>T	2	7	1	-10.2414876551892
chr21	9717660	44	61	1.15633145183983	0.18	C>T	2	7	1	-10.8590544644031
chr21	9823067	59	87	1.15633145183983	0.103	C>A	2	7	1	-10.7140527762122
chr21	9850836	45	133	1.15633145183983	0.105	A>C	2	7	1	-10.7140527762122
chr21	10122661	59	59	1.15633145183983	0.288	T>C	2	7	2	-10.4268711947702
chr21	10335405	47	73	1.15633145183983	0.11	C>A	2	7	1	-10.4286778769068
chr21	10404862	51	52	1.15633145183983	0.135	T>C	2	7	1	-10.1353284055863
chr21	10640194	50	99	1.2011446950942	0.101	A>T	2	7	1	-10.7266606200024
chr21	10658762	38	90	1.2011446950942	0.122	G>T	2	7	1	-10.2540954989794
chr21	10667203	39	62	1.2011446950942	0.161	C>G	2	7	1	-10.3646556164278
chr21	10667205	39	51	1.2011446950942	0.176	T>A	2	7	1	-10.8716623081933
chr21	10674585	41	51	1.2011446950942	0.118	C>A	2	7	1	-10.2540954989794
chr21	10674588	41	42	1.2011446950942	0.167	T>A	2	7	1	-10.5835916598672
chr21	10690373	39	49	1.2011446950942	0.102	C>T	2	7	1	-10.7266606200024
chr21	10693551	40	76	1.2011446950942	0.105	C>T	2	7	1	-10.7266606200024
chr21	10693576	40	53	1.2011446950942	0.113	C>T	2	7	1	-10.441285720697
chr21	10708333	45	72	1.2011446950942	0.111	T>C	2	7	1	-10.441285720697
chr21	10717005	43	109	1.2011446950942	0.101	C>G	2	7	1	-10.7266606200024
chr21	10726722	43	95	1.2011446950942	0.105	C>T	2	7	1	-10.7266606200024
chr21	10726727	43	92	1.2011446950942	0.109	A>T	2	7	1	-10.441285720697
chr21	10757007	36	119	1.2011446950942	0.101	G>T	2	7	1	-10.7266606200024
chr21	12980802	38	80	1.18141249559092	0.113	A>T	2	7	1	-10.4286778769068
chr21	13362451	43	46	1.18141249559092	0.13	G>T	2	7	1	-10.1456396963991
chr21	13898155	47	50	1.18509010733093	0.1	A>C	2	7	1	-10.7140527762122
chr21	15814572	42	43	1.15250420379637	0.163	G>A	2	7	1	-10.3520477726376
chr21	15822629	29	43	1.15250420379637	0.279	A>G	2	7	2	-10.390287560102
chr21	16152563	39	55	1.15250420379637	0.109	A>G	2	7	1	-10.4286778769068
chr21	17529535	45	44	1.15250420379637	0.159	G>T	2	7	1	-10.3520477726376
chr21	22831927	40	47	1.13356125256331	0.234	C>A	2	7	2	-10.9912492823241
chr21	28009888	32	56	1.13356125256331	0.107	A>G	2	7	1	-10.4559253770058
chr21	35185166	39	40	1.05377816943784	0.375	G>T	2	6	2	-11.1449141127924
chr21	45340517	47	40	1.02760449662074	0.15	C>T	2	6	1	-10.2331538906847
chr21	45890970	51	40	1.02760449662074	0.175	C>T	2	6	1	-10.3543223645196
chr21	45896695	60	48	1.02760449662074	0.125	C>A	2	6	1	-10.801385919119
chr21	46060001	55	47	1.02760449662074	0.128	G>T	2	6	1	-10.52809956636
chr22	10688032	43	41	1.30233540474719	0.122	C>T	2	8	1	-10.0698456734445
chr22	10723197	42	43	1.30233540474719	0.14	T>A	2	8	1	-10.2649825223937
chr22	10728761	39	44	1.10964614418475	0.136	G>C	2	7	1	-10.1625759056853
chr22	10939229	31	104	1.10964614418475	0.106	C>T	2	7	1	-10.4559253770058
chr22	10949124	29	77	1.10964614418475	0.104	G>A	2	7	1	-10.7413002763111
chr22	10949134	29	77	1.10964614418475	0.104	C>T	2	7	1	-10.7413002763111
chr22	11032373	53	170	1.10964614418475	0.141	T>G	2	7	1	-10.1625759056853
chr22	11045239	44	72	1.10964614418475	0.111	A>C	2	7	1	-10.4559253770058
chr22	11058316	54	57	1.10964614418475	0.14	C>T	2	7	1	-10.1625759056853
chr22	11058323	54	58	1.10964614418475	0.155	G>A	2	7	1	-10.3792952727365
chr22	11319939	42	47	1.1501739348122	0.128	C>T	2	7	1	-10.1728871964981
chr22	11348701	46	95	1.1501739348122	0.147	T>A	2	7	1	-10.2328183087605
chr22	11353150	42	67	1.1501739348122	0.134	T>C	2	7	1	-10.1728871964981
chr22	11911507	56	47	1.1501739348122	0.298	C>T	2	7	2	-10.5385901231877
chr22	11911523	56	48	1.1501739348122	0.146	G>A	2	7	1	-10.2328183087605
chr22	11929067	39	52	1.1501739348122	0.173	T>C	2	7	1	-10.598231316176
chr22	12154607	47	46	1.1501739348122	0.109	T>A	2	7	1	-10.4559253770058
chr22	12154608	47	47	1.1501739348122	0.106	G>C	2	7	1	-10.4559253770058
chr22	12154623	47	50	1.1501739348122	0.1	G>A	2	7	1	-10.7413002763111
chr22	12206800	39	50	1.1501739348122	0.12	G>A	2	7	1	-10.2687351552882
chr22	12206846	39	47	1.1501739348122	0.128	C>A	2	7	1	-10.1728871964981
chr22	12327587	34	62	1.1501739348122	0.177	G>T	2	7	1	-10.8863019645021
chr22	12403612	36	45	1.1501739348122	0.156	A>C	2	7	1	-10.3792952727365
chr22	12403615	36	46	1.1501739348122	0.217	G>C	2	7	2	-11.2665099693869
chr22	12403617	36	46	1.1501739348122	0.217	C>T	2	7	2	-11.2665099693869
chr22	12403625	36	47	1.1501739348122	0.191	T>A	2	7	1	-11.2405611946308
chr22	12603061	37	58	1.00772864290153	0.224	A>G	2	6	1	-11.4294533046557
chr22	12603130	37	47	1.00772864290153	0.298	A>G	2	6	2	-10.5627214423636
chr22	12718358	33	46	1.28694881137468	0.109	G>A	2	8	1	-10.1445065019095
chr22	15613107	43	46	0.83039351708829	0.109	C>A	2	5	1	-12.6401920794631
chr22	15613117	43	47	0.83039351708829	0.106	A>G	2	5	1	-12.6401920794631
chr22	15714375	40	44	0.83039351708829	0.182	A>C	2	5	1	-10.3174573135546
chr22	16073996	37	42	0.83039351708829	0.143	T>G	2	5	1	-11.1669377423977
chr22	16403430	53	67	0.83039351708829	0.224	T>A	2	5	1	-10.5335020735255
chr22	16431517	37	41	0.83039351708829	0.171	G>A	2	5	1	-10.4226882871435
chr22	16431521	37	41	0.83039351708829	0.171	A>G	2	5	1	-10.4226882871435
chr22	16431542	37	43	0.83039351708829	0.163	T>A	2	5	1	-10.597053865619
chr22	16431609	37	40	0.83039351708829	0.175	C>A	2	5	1	-10.3174573135546
chr22	16435786	33	41	0.83039351708829	0.122	T>G	2	5	1	-12.0597002358305
chr22	16531916	55	65	0.83039351708829	0.123	T>C	2	5	1	-12.0597002358305
chr22	17877331	51	48	0.83039351708829	0.104	T>G	2	5	1	-13.3188686006834
chr22	18196934	47	52	0.83039351708829	0.135	A>G	2	5	1	-11.1669377423977
chr22	20211749	64	46	0.83039351708829	0.109	C>T	2	5	1	-12.6401920794631
chr22	50276237	68	42	1.07765638412418	0.119	G>C	2	6	1	-10.8453734439127
chrX	270051	57	57	0.892022560576105	0.105	C>T	2	5	1	-13.3253453636694
chrX	498390	56	42	0.892022560576105	0.119	G>A	2	5	1	-12.0661769988165
chrX	62513835	38	59	1.2115461483316	0.102	G>T	2	7	1	-10.7266606200024
chrX	62513841	38	57	1.2115461483316	0.105	T>A	2	7	1	-10.7266606200024
chrX	62513845	38	56	1.2115461483316	0.107	A>G	2	7	1	-10.441285720697
chrX	62513853	38	56	1.2115461483316	0.107	A>C	2	7	1	-10.441285720697
chrX	62513864	38	55	1.2115461483316	0.109	C>T	2	7	1	-10.441285720697
chrY	10669456	31	46	0.850294990586752	0.174	T>C	2	5	1	-10.4059989966919
chrY	10669516	31	45	0.850294990586752	0.2	T>C	2	5	1	-10.2862466265099
chrY	10669518	31	47	0.850294990586752	0.106	C>A	2	5	1	-12.6235027890115
chrY	10755351	44	40	1.0024158747909	0.1	G>C	2	6	1	-11.6244610964606
chrY	10763166	45	67	1.0024158747909	0.149	C>A	2	6	1	-10.2287871590656
chrY	10763168	45	64	1.0024158747909	0.141	C>T	2	6	1	-10.3359831499592
chrY	10764566	46	49	1.0024158747909	0.184	A>T	2	6	1	-10.3499556329005
chrY	10764597	46	47	1.0024158747909	0.128	T>C	2	6	1	-10.5237328347409
chrY	10799485	46	40	1.0024158747909	0.2	C>A	2	6	1	-10.7671606921996
chrY	10799495	46	40	1.0024158747909	0.2	G>T	2	6	1	-10.7671606921996
chrY	10799516	46	42	1.0024158747909	0.119	A>G	2	6	1	-10.7970191874999
chrY	10799532	46	44	1.0024158747909	0.114	C>A	2	6	1	-11.1616478031864
chrY	10799534	46	44	1.0024158747909	0.114	C>A	2	6	1	-11.1616478031864
chrY	10799535	46	43	1.0024158747909	0.186	C>A	2	6	1	-10.5267764690604
chrY	10801494	43	40	1.0024158747909	0.25	T>C	2	6	2	-11.7089954817021
chrY	10934845	45	104	0.916729577771062	0.125	T>C	2	5	1	-12.129088594464
chrY	10934850	45	101	0.916729577771062	0.129	T>C	2	5	1	-11.639939013759
chrY	10934855	45	89	0.916729577771062	0.146	T>C	2	5	1	-10.9132668821915
chrY	10934868	45	49	0.916729577771062	0.245	C>T	2	5	1	-11.062399982516
chrY	10934870	45	45	0.916729577771062	0.311	T>C	2	5	2	-11.8352779191555
chrY	10986884	45	40	0.916729577771062	0.1	C>T	2	5	1	-13.3882569593169
chrY	11277671	35	50	1.25269214003246	0.1	C>A	2	8	1	-10.2792333519387
chrY	11297430	40	43	1.25269214003246	0.163	T>A	2	8	1	-10.8211166440205
chrY	11302043	40	46	1.25269214003246	0.109	T>A	2	8	1	-10.1445065019095
chrY	11311241	47	57	1.25269214003246	0.211	G>A	2	8	2	-10.6775858317288
chrY	11316901	62	48	1.25269214003246	0.167	A>T	2	8	1	-11.190700736736
chrY	11333855	69	54	1.25269214003246	0.111	C>T	2	8	1	-10.1445065019095
chrY	56732051	39	62	0.818189012687495	0.129	A>G	2	5	1	-11.5705506551254
chrY	56828010	40	56	1.10937000007516	0.143	G>A	2	7	1	-10.1625759056853
chrY	56828225	39	47	1.10937000007516	0.149	G>A	2	7	1	-10.2328183087605
chrY	56829405	43	53	1.10937000007516	0.132	C>T	2	7	1	-10.1728871964981
chrY	56829406	43	53	1.10937000007516	0.132	A>G	2	7	1	-10.1728871964981
