chromosome	start.pos	end.pos	Bf	N.BAF	sd.BAF	depth.ratio	N.ratio	sd.ratio	CNt	A	B	LPP
chr1	10109	13367551	0.42002126161338	12496	0.0965249295592796	1.16438519776473	370184	0.394343921162838	7	4	3	-6.74945996306283
chr1	13367750	56581745	0.496799740926741	27911	0.0849667831666958	1.17117455966533	1259842	0.37623235537201	7	4	3	-7.09387373168019
chr1	56588208	57439292	0.470552728359093	859	0.0670472269075453	1.00740420173716	23457	0.331056252849377	6	3	3	-6.8468945419393
chr1	57439449	57441168	0.115312609420751	9	0.070083878317342	0.924830590430289	58	0.371593170784263	9	8	1	-6.73541800533841
chr1	57442022	120031709	0.49895914319943	39601	0.0717214095828761	1.03169171089033	1713318	0.340219436836169	6	3	3	-6.81271649143689
chr1	120047639	122397514	0.494114909165228	1149	0.119703039046014	1.01498828993674	32203	0.434868089482107	6	3	3	-6.73448196607339
chr1	122397711	123399649	0.306249412041164	1949	0.145355483255148	1.22491064415877	23552	0.958059242135505	7	5	2	-6.7411985173331
chr1	123400279	124927640	0.493847864799611	3305	0.144261266741414	1.20347442135197	45878	0.85819138540409	8	4	4	-6.74962435885926
chr1	124928234	124930958	0.429044522118574	9	0.0519278345398689	2.27095291402373	33	0.420432373494024	14	8	6	-6.73305550783089
chr1	124930983	125147496	0.433507935944712	769	0.109134673565692	1.18692541788677	7445	0.369925131190774	7	4	3	-6.73364977495018
chr1	125147670	125147962	0.212081657134162	9	0.0527162214123888	2.72859602071481	17	0.503269676860288	19	15	4	-6.73315672720877
chr1	125149215	143195484	0.472115562480431	610	0.105442509582208	0.969896327572388	4595	0.392524660581866	6	3	3	-6.91984723929364
chr1	143195586	143211536	0.418275196972177	80	0.120879205318702	1.08020244523792	977	0.605959798083282	7	4	3	-6.73894798977485
chr1	143211746	248945592	0.294681769859875	58644	0.107240202655168	1.02359072175154	2630929	0.408254732710254	6	4	2	-6.85035776383188
chr1	248945663	248945935	0.219565617278964	11	0.165593478132443	2.79646063879932	28	1.63373467534297	14	11	3	-6.73314152397183
chr2	30827	88951601	0.335978498810624	56459	0.111468106026382	1.32995671044935	2209253	0.648929729748324	8	5	3	-6.83209325080221
chr2	88951633	88953632	0.499065997981432	77	0.0791639930716172	1.51692227128438	138	0.376118587685505	10	5	5	-6.73319758469534
chr2	88953640	88997478	0.144012070636518	38	0.117161767658454	1.35268538502121	1291	0.562092790347287	7	6	1	-6.73633898052296
chr2	88997536	89003629	0.475995534795631	157	0.0770087561382883	1.24043500442191	306	0.329588946658982	15	8	7	-6.75772372914635
chr2	89006487	89008363	0.130155252961676	10	0.0253291663239568	1.62146253523478	83	0.593301229897251	8	7	1	-6.73607212750727
chr2	89008425	91493012	0.322009016355918	1593	0.123392286696148	1.33689776123916	30826	0.631498694336897	9	6	3	-6.7962664065421
chr2	91493321	91528733	0.209599201262381	97	0.125487502971658	1.63381475226617	1567	0.72766026015638	10	8	2	-6.73406624290378
chr2	91528963	93898784	0.496312477534867	1658	0.135164600555486	1.34749596279501	19727	0.892579198218881	8	4	4	-6.73347913408977
chr2	93912001	94517798	0.498624695228203	216	0.133979084767134	1.43708352177056	5904	0.702426658775726	8	4	4	-6.73626487577677
chr2	94517928	94569024	0.498799871842317	351	0.107033389059799	1.47172794218572	2111	0.521034129374421	8	4	4	-6.73400873981129
chr2	94569051	95964047	0.498785206493438	499	0.121573644946859	1.66341689856125	36340	0.659086379078179	10	5	5	-6.73319943825685
chr2	95964453	97143793	0.496599177564771	494	0.0870715675041904	1.51177627027763	31192	0.635118782975027	10	5	5	-6.75254727775327
chr2	97144053	242183443	0.326060732440548	80575	0.111587794018896	1.30672671695417	3585033	0.620857169068146	8	5	3	-7.04672836221796
chr3	10646	75525714	0.366808396762048	46798	0.104542894164128	1.00634327175037	1908488	0.410897893967724	6	4	2	-6.80229964794517
chr3	75525834	75535894	0.1348982549926	41	0.105503612237316	1.07918084701903	257	0.475851023205018	8	7	1	-6.73480489316501
chr3	75544421	90816846	0.335594033201354	10516	0.104282773270296	1.05965927600073	384710	0.433248957118765	6	4	2	-6.82016595007438
chr3	90817855	90898997	0.481152891392953	149	0.144839789648206	0.872179766281502	1225	0.535009445572762	6	3	3	-6.74710914074474
chr3	90900928	97708154	0.326599771464984	3352	0.113163596920646	0.986300201310479	113209	0.421816265763563	6	4	2	-6.75805182643445
chr3	97708946	125806195	0.479963075680701	20834	0.0744235669429954	0.958820368191519	762178	0.319242235048157	6	3	3	-7.27839290683646
chr3	125813638	125817408	0.157215688170447	13	0.109445103907076	1.00419467887305	127	0.52222218008653	7	6	1	-6.73558956284099
chr3	125818828	130027463	0.498914131909312	3285	0.0746014063740099	0.964741166704004	115646	0.323395474173696	6	3	3	-6.79611107213157
chr3	130027467	130027588	0.0760522645250947	10	0.0417505821649365	1.17928968346719	12	0.132440953109701	14	13	1	-6.73496547894156
chr3	130028813	145928497	0.498941561104572	11069	0.0736383332629923	1.00286389169457	437789	0.334185548516606	6	3	3	-6.74663337589295
chr3	145928769	145932856	0.497981234759865	11	0.182018380690223	0.84696127791217	123	0.324173573564658	6	3	3	-6.73387243179695
chr3	145934371	169465681	0.498943112438991	13044	0.0700353665678583	1.0450724249216	644117	0.346017908065178	6	3	3	-6.82843378276854
chr3	169468505	169472680	0.164972455719815	10	0.0863519928355256	0.944089656873581	114	0.253484932199829	6	5	1	-6.74103836571224
chr3	169473398	195484218	0.498935248853934	19256	0.0793769292256795	1.13248563197623	754572	0.360930232836986	7	4	3	-7.35477187793178
chr3	195484469	195499487	0.42236801292783	104	0.139760746900408	1.39951474722044	806	0.460200859252871	7	4	3	-6.73608374124327
chr3	195499641	196007346	0.391903891215653	1187	0.107304375466529	1.00440561838618	16153	0.423066833126336	5	3	2	-6.786107783395
chr3	196008500	197641331	0.498886078911465	1753	0.0817149281832946	0.940649975496428	46329	0.314538142545139	6	3	3	-6.79071923318341
chr3	197641430	197645539	0.170553571009651	30	0.113116032380955	1.26079340522174	224	0.383826951585754	6	5	1	-6.73466810759136
chr3	197645578	198187600	0.480273157389956	126	0.118887339227402	1.00475352790929	14756	0.356803053498347	6	3	3	-6.74979594905165
chr4	10165	66180	0.326769806975223	75	0.138656933563473	1.11154036397258	1102	0.391788046542023	6	4	2	-6.73834782273465
chr4	66544	531271	0.0176753390492253	195	0.0420939780378063	0.837914825257679	10911	0.374691137528014	5	5	0	-6.73663911596621
chr4	531307	565186	0.394476719262911	31	0.0949799752522853	0.884860165879086	830	0.360679005711592	5	3	2	-6.73801648250715
chr4	587615	3290922	0.0180071498493761	900	0.10845061821527	0.78553043384671	62270	0.367084311987802	5	5	0	-6.80854625235849
chr4	3293958	3310282	0.492592463958094	24	0.17026155816392	0.835323799898664	409	0.356215655412877	6	3	3	-6.73711005695956
chr4	3311367	3810775	0.0147494856081454	261	0.0861757334124736	0.863996771267138	11820	0.389712764715943	5	5	0	-6.73352471358824
chr4	3814847	3815375	0.489452280689939	12	0.146877474189347	0.846121476999906	34	0.271751500265616	6	3	3	-6.73626531684374
chr4	3815654	4007488	0.0197445849180445	207	0.0692906956707958	0.891906874705145	4692	0.376605318099279	5	5	0	-6.73815660195689
chr4	4013238	4019280	0.499227768713506	17	0.0640555250865813	1.11768526928124	189	0.722995353519857	6	3	3	-6.73318060590346
chr4	4028450	4072204	0.016240479488223	55	0.0568102933244445	0.860609474027453	1085	0.358117800797515	5	5	0	-6.7335505530177
chr4	4072442	4075001	0.284435877485476	11	0.152742266580014	1.01414859365896	73	0.774547291796849	7	5	2	-6.7339508274901
chr4	4075355	4333509	0.018748731264151	249	0.0427492557412813	0.877305872176265	5464	0.427759664845808	5	5	0	-6.73945678924968
chr4	4334462	4349057	0.498112394340005	9	0.166221071000173	0.821331530742194	346	0.385697626768211	4	2	2	-6.73503576768174
chr4	4353601	5485782	0.0145813972639359	516	0.0481374415204482	0.860586259869482	26599	0.382483519912186	5	5	0	-6.73368318952516
chr4	5490728	5597541	0.225870066109564	9	0.1432172979931	0.859038581076054	2461	0.406109215095868	5	4	1	-6.74161235233031
chr4	5615607	5759285	0.0185534158039308	77	0.0901067207314986	0.845149565450811	3415	0.387081152957628	5	5	0	-6.73419886424019
chr4	5763376	5764619	0.346980566175202	9	0.138833033212961	1.38331507876614	33	0.557001128881942	20	13	7	-6.73541425384907
chr4	5767387	7165065	0.0163384476473152	489	0.0764472814975722	0.860030235278221	33153	0.389175581427441	5	5	0	-6.7340313880637
chr4	7165212	7181962	0.158824349372402	13	0.150850452350528	0.867838580651562	391	0.333004014535314	6	5	1	-6.74201110548507
chr4	7220276	8605853	0.0151353773114781	561	0.107343377681676	0.879895311476932	33256	0.395349953054086	5	5	0	-6.73920431658115
chr4	8608649	8635779	0.293360034617094	21	0.0877773427756953	0.935243546434733	396	0.400781456131107	7	5	2	-6.73929291135577
chr4	8645531	9640469	0.0200611562236508	278	0.108897827759014	0.893994237260353	18324	0.395567592077063	5	5	0	-6.74403302057663
chr4	9640837	9642256	0.498183224351707	11	0.174039285011381	0.833935273989048	44	0.353100734867628	4	2	2	-6.73335813713676
chr4	9643994	9981197	0.0221517575366983	205	0.0645966638561825	0.915155223577527	8007	0.417619498417003	5	5	0	-6.74742233687968
chr4	9981213	9981310	0.461337886437391	11	0.125015271794362	1.25300115545989	13	0.276737587450083	13	7	6	-6.73327521485006
chr4	10042024	12879193	0.0133299733979952	1160	0.0554504905859378	0.900911076685266	65601	0.434364044051185	5	5	0	-6.76319294804632
chr4	12879376	12891372	0.00398828103805574	9	0.219966348436402	0.917813453378137	274	0.443312399012365	6	6	0	-6.73424854587195
chr4	12893987	21517866	0.0133040443482236	2855	0.0486604311892788	0.911274886064655	202812	0.413820313492022	5	5	0	-6.87434341080464
chr4	21519440	21522699	0.197403890388757	9	0.131169525593579	1.04062450043135	82	0.394257308942933	10	8	2	-6.73761630628439
chr4	21525454	25802208	0.0143624058359711	1447	0.0485820183820346	0.904869523428841	100979	0.406607263758591	5	5	0	-6.79219408012483
chr4	25808836	25817812	0.497926740832411	9	0.21992555558643	0.95073755222204	213	0.496845756300765	6	3	3	-6.73317794280364
chr4	25820889	26200377	0.0152109493981197	146	0.0452573959120778	0.906058629018262	9113	0.382264512506977	5	5	0	-6.73938129783997
chr4	26209603	26244339	0.498491953043785	19	0.194809368507984	0.853139428769035	800	0.316305009044863	6	3	3	-6.73938539535258
chr4	26265976	26882142	0.0110970224509803	197	0.0516507754078088	0.874306922744508	14569	0.379634317290587	5	5	0	-6.73777452364925
chr4	26903603	26926329	0.306651838229135	9	0.147264878516381	0.880836543299058	500	0.368879935955184	7	5	2	-6.74907402975557
chr4	26937030	27898869	0.0184016478137107	333	0.0542080623158967	0.931506920808109	22647	0.4140887087281	5	5	0	-6.76373093731247
chr4	27948132	28094320	0.206171223218661	12	0.167837313003884	0.95450080814306	3450	0.445836893714573	5	4	1	-6.73904781344119
chr4	28116112	29635510	0.01299249172711	429	0.0406872667311507	0.9424359988641	35689	0.442677540516434	6	6	0	-6.75909952636129
chr4	29646064	29731609	0.410334872964067	19	0.168640591563262	0.925156666829542	1960	0.416343752217094	5	3	2	-6.7362876133717
chr4	29758496	33378629	0.0135950868671623	1540	0.0469921364476016	0.933681980730016	84463	0.428040704241255	6	6	0	-6.81614210298032
chr4	33555117	33840394	0.0588402236141536	12	0.154919407200237	0.950887066637597	6679	0.410680788061669	6	6	0	-6.79122918184086
chr4	33901725	35561587	0.0158794474221352	641	0.038799865127747	0.942260840192067	39251	0.434949563970209	6	6	0	-6.76770642921083
chr4	35634795	35694791	0.0670456064713926	9	0.0877920522851838	0.947235941175991	1397	0.452744108999387	12	11	1	-6.86594997288693
chr4	35697760	40291932	0.016099707103942	1959	0.0468956415850113	0.885141607829313	109378	0.410625534116341	5	5	0	-6.75966894220067
chr4	40294624	40295523	0.367482312130587	14	0.115695531650777	0.834596626188132	74	0.240710946019299	11	7	4	-6.73903175105603
chr4	40295541	43810570	0.0168714712747834	977	0.0526839841541209	0.88860660912107	82568	0.402566820247043	5	5	0	-6.75910954145823
chr4	43825184	43846748	0.498008013543081	9	0.170814226573784	0.946472702006882	489	0.337307144318201	6	3	3	-6.73367565737312
chr4	43847083	44681681	0.0134964103294229	138	0.0437344879634742	0.919321643630649	19552	0.404335721314261	5	5	0	-6.7519434960222
chr4	44858113	44963925	0.498446408481976	9	0.19874949336064	0.940851191212496	2458	0.428629925464125	6	3	3	-6.73508304326611
chr4	44986838	45012134	0.024807110295614	43	0.0435129338850231	0.930637224068684	625	0.395318657897716	4	4	0	-6.75618404487068
chr4	45012813	45014056	0.354204572656596	61	0.0610678696161374	1.53748319346089	96	0.405546291731095	17	11	6	-6.73472101531335
chr4	45014063	45014470	0.197155082011587	31	0.0773473105648341	1.67736850581266	41	0.254589562083663	15	12	3	-6.73703347425796
chr4	45037580	49085339	0.01631790987364	673	0.0586136720660572	0.919673385772677	95264	0.40849948193645	5	5	0	-6.82138904604523
chr4	49091321	49126967	0.489095182235395	837	0.110003627913585	1.27619588973654	8842	0.349611892154342	8	4	4	-6.73941343518764
chr4	49126977	49129810	0.464494034101497	46	0.148650101436241	0.975993902602283	209	0.365493475560396	11	6	5	-6.7405162570195
chr4	49129973	49131566	0.302817109470499	22	0.133021724619625	1.92881958802707	287	0.636265165542653	10	7	3	-6.73307707236753
chr4	49131636	49138178	0.336709865469256	103	0.124601451061779	1.41601265869398	1118	0.451257075950836	9	6	3	-6.73312638923793
chr4	49138358	49138448	0.215313827749782	10	0.05265020839887	0.275617375411265	15	0.095439584479996	5	4	1	-6.74980585180421
chr4	49138976	49234303	0.474385939669587	862	0.112792120052305	1.21020740070512	6433	0.348767355627248	8	4	4	-6.76911085557112
chr4	49234355	49234763	0.0167669214263417	12	0.190222099057121	2.25209734088813	36	0.421437106720131	6	6	0	-6.73424397464201
chr4	49235096	49657993	0.435127587734442	1421	0.120581871536347	1.13204370105712	11598	0.433644912916519	7	4	3	-6.73646891026196
chr4	49709141	49731064	0.469487489884124	106	0.104543936605822	0.970950141680716	791	0.404653876408105	11	6	5	-6.77698990973882
chr4	49732509	49972228	0.355449859838811	32	0.144928667103465	1.14971846399677	355	0.774326256964129	6	4	2	-6.74600002200336
chr4	50008956	51701539	0.367501248910631	116	0.137287106278138	1.25666964549214	2112	1.11790779217734	8	5	3	-6.73990245998473
chr4	51815341	53859850	0.0170122496326534	486	0.05667253827137	0.923189988158202	48001	0.421564247342937	5	5	0	-6.78025367520459
chr4	53865419	53878206	0.423782453197178	9	0.130595856663899	0.898330792926212	302	0.404565126846674	7	4	3	-6.73792168883958
chr4	53916362	64338106	0.0102594758065046	2730	0.0465338185914556	0.946057201151681	242991	0.436959235980419	6	6	0	-6.89433089189829
chr4	64345135	64350431	0.0817336366897302	13	0.0512957738050262	1.06415658507843	142	0.599881631017024	13	12	1	-6.73751780364399
chr4	64350912	69257896	0.0114826109195992	1972	0.0452262275504948	0.945810809393727	113257	0.429900796059383	6	6	0	-6.81277436447579
chr4	69272146	69273445	0.187740751990845	43	0.115262039557749	1.07077872476638	75	0.274216267645524	11	9	2	-6.73619259626911
chr4	69273450	69274384	0.499363030194332	32	0.0642000087930855	1.05733237349208	63	0.409395861393548	6	3	3	-6.73309422039361
chr4	69301487	69380076	0.0237659662416976	25	0.144144568633947	1.14026027234944	1809	0.64334359962383	7	7	0	-6.73822547453947
chr4	69381352	69381835	0.368587304673397	26	0.0684413280453805	0.900104857966596	37	0.17467526283778	11	7	4	-6.73912858706366
chr4	69381881	69383676	0.223764599539227	26	0.0753425408487029	0.708526572953417	80	0.20037684078452	9	7	2	-6.74934162274177
chr4	69385329	69540705	0.0143467844679592	130	0.0426057938227064	0.945376017261192	3782	0.419560536997324	6	6	0	-6.73721398685993
chr4	69542526	69543970	0.0783668597193354	9	0.148070084757185	0.551369101475449	33	0.267104819964906	1	1	0	-6.75136877194583
chr4	69544034	69552367	0.016784943947221	29	0.02678954652389	0.99235471135659	215	0.435953259549762	5	5	0	-6.73759462860792
chr4	69552561	69555265	0.078105552812479	10	0.146102285327019	0.882663180118402	77	0.298492175688691	13	12	1	-6.74812527090604
chr4	69555509	76911969	0.0115683454521639	1815	0.0455062447095114	0.898312053130876	174171	0.406053783115239	5	5	0	-6.81494895289576
chr4	76911971	76933876	0.250994709947938	9	0.128862437419823	0.85661181443679	529	0.370517661011202	4	3	1	-6.74014463385694
chr4	76936952	78116010	0.0118245063262362	587	0.0514425658537523	0.902928966017029	28043	0.403611697895251	5	5	0	-6.75032985233156
chr4	78117717	78117941	0.499451373816093	14	0.0564973985591907	1.15699839208144	20	0.250072642077836	6	3	3	-6.73312284159966
chr4	78118017	87710279	0.0111218741559181	2336	0.0452327339758801	0.904752098494804	225362	0.40955916501587	5	5	0	-6.86530565875431
chr4	87711548	87712513	0.498874428946487	9	0.207586126704074	0.806062842242509	39	0.161748592845346	4	2	2	-6.73363006151795
chr4	87713289	93859450	0.0103033442381834	1333	0.0450501723057356	0.927808209962534	143978	0.424430549885676	5	5	0	-6.88983971620888
chr4	93867820	94087635	0.497920843201263	9	0.217264495744498	0.890391754158736	5105	0.394882246110672	6	3	3	-6.74768167039772
chr4	94092446	96401733	0.0103543126655669	687	0.0351461141686929	0.920731327719383	54879	0.413688834003595	5	5	0	-6.79246111155169
chr4	96402523	96413818	0.188675548532718	10	0.123869151392373	0.822749777935181	252	0.302407137305367	6	5	1	-6.74380493426117
chr4	96414237	102883037	0.0100916491322735	1041	0.0432777423945967	0.930005848753535	151321	0.419870530486863	6	6	0	-6.90033144796359
chr4	102884286	102900734	0.10686096375669	9	0.169023995666625	0.94995244940659	419	0.601760838315938	9	8	1	-6.74127296633135
chr4	102901141	102908922	0.417313925037219	10	0.169539769179191	0.796796950408086	212	0.291825910816554	5	3	2	-6.73758245750542
chr4	102913321	102957991	0.018183310717076	33	0.0562917017136468	0.870942261041395	1094	0.354875820534197	5	5	0	-6.73556213264089
chr4	102961321	102970317	0.497900890042528	9	0.220770682936944	0.962308450781643	230	0.347885385694264	6	3	3	-6.73321332245305
chr4	102971666	110262910	0.00950156950059161	1729	0.0449423332134661	0.921882646443057	172230	0.420416036659821	5	5	0	-6.89766102399713
chr4	110263403	110267019	0.125940064598486	9	0.177738650208045	0.762117971220704	100	0.280633551634565	8	7	1	-6.74260473018107
chr4	110267342	111332296	0.00981390051038733	385	0.0422678904973925	0.932654910747825	25160	0.419691144744391	6	6	0	-6.76119333287274
chr4	111337140	111372777	0.422302835436135	9	0.197568975297236	0.955166375999645	805	0.408199258194036	7	4	3	-6.73971750195419
chr4	111372927	113755006	0.0135009915271674	726	0.0470031380667905	0.912576380123169	56174	0.401204407051014	5	5	0	-6.77720006121649
chr4	113755403	113854480	0.4984198645772	9	0.229379476946924	0.926979422015839	2332	0.405736242866696	6	3	3	-6.73606412041715
chr4	113888179	114515499	0.0115073033681455	264	0.0410150530273436	0.941513717112251	14744	0.425240113019175	6	6	0	-6.74512497594478
chr4	114515888	114516884	0.0843337421516943	9	0.177797950244403	0.907778005373696	33	0.518317833856736	12	11	1	-6.73475704874838
chr4	114517484	118601263	0.0103744117717205	1479	0.0360517815669627	0.942066105960335	95907	0.443125311827978	6	6	0	-6.80422662875965
chr4	118605026	118670604	0.236133173681015	33	0.129782911689739	0.890287545643612	1450	0.408951143044608	5	4	1	-6.76008010576866
chr4	118670638	119141164	0.0117565432510294	105	0.0637457532881294	0.888692917854011	11103	0.414596089057445	5	5	0	-6.73741280271717
chr4	119252098	119414421	0.498274026246215	9	0.151894243179625	0.879191935833895	3523	0.408487668815181	6	3	3	-6.74521748043371
chr4	119471905	131689606	0.00780174015888246	3052	0.0440075821238494	0.846839924826901	289024	0.372839618846314	5	5	0	-6.74832017911177
chr4	131689613	131707959	0.360335047358536	18	0.163058361980503	0.803046496147124	456	0.278086062098219	6	4	2	-6.75269950750672
chr4	131708649	131734378	0.0333544509640983	43	0.0914625836514304	0.870879415744736	569	0.390591894693112	4	4	0	-6.75540211285159
chr4	131734496	131745750	0.498482274001564	20	0.138586577537957	1.09823029553869	116	0.364885005298182	6	3	3	-6.73341231800506
chr4	131747251	131749817	0.125500959233431	12	0.130182011278848	1.22799420492425	42	0.58143241208741	8	7	1	-6.73452914088076
chr4	131749914	131751987	0.310849295567533	11	0.0789195217236579	1.03852624759577	75	0.266119384575507	13	9	4	-6.74265657064478
chr4	131763408	133866435	0.0120676061966979	721	0.0357159176310777	0.860760547638286	49785	0.3761592244944	5	5	0	-6.73737500730539
chr4	133872906	133915996	0.0708416062683734	9	0.194504570069132	0.796015777310605	1016	0.365860619697264	4	4	0	-6.78109461136721
chr4	133936793	140182552	0.00932961617358624	1286	0.0478301833107872	0.829166559322068	147488	0.362926268210524	5	5	0	-6.75854564549211
chr4	140201736	140231503	0.441895758610635	9	0.179782352983947	0.798679894662575	722	0.348027763679599	7	4	3	-6.75806728260895
chr4	140245760	143824621	0.0124395746635038	541	0.0633522808941315	0.803061437234011	84263	0.345352653821272	5	5	0	-6.79231767170685
chr4	143848951	144127840	0.359622613472707	68	0.155311459568256	0.810470362303471	6425	0.359280592616921	5	3	2	-6.78230955794598
chr4	144128865	146217271	0.0182578286179764	330	0.0680529217343459	0.802196326387212	49465	0.341337401226525	5	5	0	-6.77120602194588
chr4	146286174	146287038	0.290892128900853	17	0.0876015377248865	0.837680561718034	71	0.213181132305432	7	5	2	-6.7344077553848
chr4	146405954	153643651	0.0106141245060587	1199	0.0543696583133749	0.774203727745731	170801	0.332118326883112	5	5	0	-7.0648689640441
chr4	153650513	153663556	0.160280433672608	9	0.150290551931916	0.780528095466195	332	0.289732091374639	6	5	1	-6.74509619313126
chr4	153663710	154208595	0.0168371205320982	136	0.04273589155517	0.796696661243871	13161	0.326183650653203	5	5	0	-6.7477188639108
chr4	154212636	154212905	0.308990470899976	9	0.039319206502675	0.848701076248934	14	0.143265986392943	13	9	4	-6.74027776781896
chr4	154278317	155951109	0.0109983909978905	385	0.0484025192427793	0.803258584553112	39587	0.336463901544133	5	5	0	-6.76511908414467
chr4	155951481	155961854	0.205440389658688	9	0.153742479490868	0.749375538652856	236	0.267804241146235	5	4	1	-6.73469946722229
chr4	155962177	157635705	0.0116319832057548	402	0.0349732764639586	0.823627699414792	39951	0.343743482209923	5	5	0	-6.74609590995924
chr4	157637255	157641320	0.498454068895979	10	0.189949730191964	0.792186000214996	110	0.337451102317624	4	2	2	-6.73351917760521
chr4	157642724	158303310	0.0142894252665352	153	0.0457889220990941	0.814035400649964	15793	0.339308674466458	5	5	0	-6.73964169572633
chr4	158310986	158740205	0.0611663213226518	10	0.15323348198093	0.783370854316501	9908	0.320877005942874	5	5	0	-6.80473310568469
chr4	158805147	160654534	0.0119423775084392	373	0.0330049518576733	0.90314309202598	43838	0.478468534195637	5	5	0	-6.75443071078428
chr4	160655162	160661963	0.0575838307680502	9	0.215995241717137	1.06516825697021	148	0.413585150522665	14	13	1	-6.75206645680344
chr4	160662628	164594960	0.00946420448166957	1568	0.0409176778627327	1.10588166384045	91219	0.555056865122296	7	7	0	-6.76605244622483
chr4	164595014	164814009	0.0738714498843067	11	0.180654013869808	1.10869643690184	5129	0.62298420680405	9	8	1	-6.80009688175363
chr4	164814680	165205430	0.0102576559326983	219	0.0368524156657969	1.08195186675334	9132	0.561465892689904	6	6	0	-6.73774279879711
chr4	165213053	165254955	0.399900955670283	32	0.118185061109071	1.07043851200923	1060	0.41144389124814	5	3	2	-6.74127284792254
chr4	165260046	168830351	0.0101890989634748	1457	0.0436467618510285	1.09902678467499	83739	0.548225075363559	7	7	0	-6.76944390652341
chr4	168831773	169031570	0.489795086312768	9	0.218194166843306	1.04359663798141	4693	0.50257843915899	6	3	3	-6.73469396062699
chr4	169048015	169346828	0.0167690062993697	72	0.0359698377165107	1.06272649143808	7062	0.515828730867978	6	6	0	-6.74392485995015
chr4	169359971	169521088	0.0269896537996937	13	0.220923440736076	1.09683429935706	3637	0.517404590561377	6	6	0	-6.73784356242783
chr4	169531088	174382179	0.00898465608474397	1396	0.0486116079159234	1.09979156291035	113449	0.543902855005265	7	7	0	-6.78277518465703
chr4	174383293	174383679	0.433665037093544	10	0.0674770742960567	1.10407116046833	27	0.117091290753712	7	4	3	-6.73480346112991
chr4	174383835	177967505	0.0105621068783551	1633	0.0385650004128242	1.12336494834983	84915	0.554037666157617	7	7	0	-6.75032155410138
chr4	177996578	190203842	0.322751856591279	12004	0.106697990746442	1.12792560897299	318837	0.456452953293963	7	5	2	-6.86082297423311
chr5	15890	46434443	0.303469724908131	23279	0.104560161851268	0.81409243982672	1204403	0.284639274219178	5	4	1	-7.78191746955115
chr5	46434536	47307723	0.363423318903189	659	0.134745744708005	1.12668611793328	4036	0.867350884909311	8	5	3	-6.76130503183112
chr5	49592054	50059008	0.306121971616005	1386	0.134218512596915	1.24273590379057	14704	0.820048937440417	7	5	2	-6.74252760010713
chr5	50059252	59395548	0.486166195067659	7845	0.0686451647544584	0.926679110505584	258935	0.287520037322948	6	3	3	-7.27778453356575
chr5	59395642	59398984	0.182893359867834	16	0.101301509531365	1.055184345973	79	0.360349181065685	6	5	1	-6.73685595975526
chr5	59399312	69446578	0.498925776228268	4965	0.0715867815712344	0.900597137387841	275240	0.285298445837102	6	3	3	-7.64742600138805
chr5	69449365	70996595	0.362527208843674	96	0.124724844086718	0.852304205768176	7270	0.335017246854317	5	3	2	-6.79535622067724
chr5	71016439	82501003	0.475483065307273	7548	0.0704094001893329	0.884295411480678	309493	0.279609989611063	5	3	2	-7.4422513724324
chr5	82502703	82504183	0.174131900910235	9	0.0853372394939305	1.0246411097785	48	0.271375808324861	6	5	1	-6.73307027890934
chr5	82507190	181477761	0.498962773047517	57076	0.0739104504422641	0.906303549123631	2712708	0.289050320051253	5	3	2	-9.62310023315087
chr6	64356	955745	0.489124083388085	877	0.109438994271913	0.937637380567988	21951	0.339781297332657	6	3	3	-6.76832611676467
chr6	958903	3204445	0.498903980694836	1978	0.0739815951107015	1.14947912506483	62205	0.391099147710042	6	3	3	-6.86536632712322
chr6	3222000	3222288	0.115307155758869	11	0.10000236360843	0.960702989857622	27	0.480201883589443	9	8	1	-6.73347417059086
chr6	3225536	19938991	0.498946147385579	12553	0.0727237922883693	1.16028023676528	462922	0.404230051434581	7	4	3	-7.24654110646104
chr6	19939336	19940515	0.199087454916136	12	0.0857234807477808	1.56070817979525	69	0.454656612785817	15	12	3	-6.7350287735631
chr6	19940545	29887634	0.498932208960545	6367	0.073708545656576	1.17457315292036	270564	0.409788907806307	7	4	3	-7.21660833107157
chr6	29887644	29945921	0.329849895900821	249	0.109510546023542	1.09997292813265	1615	0.514133687482279	6	4	2	-6.73673314817612
chr6	29945982	31335150	0.496769839490823	4510	0.0717844949047109	1.09643109422624	41879	0.38394721190382	6	3	3	-6.76725904273461
chr6	31335171	31336489	0.499257295633873	71	0.0760805487585124	1.7383261731983	101	0.394921680416974	10	5	5	-6.73309365700635
chr6	31336507	31344195	0.499032365992069	203	0.0769214015364993	1.04493010377895	409	0.371774246107816	6	3	3	-6.73315180333909
chr6	31344317	31344846	0.155003296280629	10	0.0620558887885214	0.751059314163712	24	0.186000623343197	7	6	1	-6.73824078644672
chr6	31344887	32477742	0.496729331832921	2219	0.0752960442484495	1.06452174917173	31085	0.382917138685372	6	3	3	-6.74442344539326
chr6	32477823	32479377	0.460754904478904	33	0.0864515760411573	1.44010110377331	72	0.476159442981912	13	7	6	-6.73384335901916
chr6	32479439	32488549	0.370595377780575	316	0.108416882466974	0.925351097441644	663	0.273445824087822	8	5	3	-6.74556784478242
chr6	32488552	32489488	0.238138251444313	81	0.11324818833206	1.24361627817952	124	0.216828407624561	13	10	3	-6.73759759483807
chr6	32489528	32489994	0.465827719692664	29	0.104763820701991	0.762800495605277	43	0.115931467707748	11	6	5	-6.75535418654409
chr6	32490024	32490556	0.224001964253993	49	0.116618946751789	1.44472459556834	71	0.374614662919171	9	7	2	-6.73337769499238
chr6	32490598	32492208	0.254849084060284	80	0.104237287116063	0.772643174712285	152	0.167146137426311	4	3	1	-6.73450942288122
chr6	32492222	32502361	0.303444712254492	160	0.108574131994526	1.2182541993325	441	0.50832224476688	10	7	3	-6.7354362841472
chr6	32502392	32504959	0.31371346182505	63	0.125431968410915	0.935442290128437	141	0.371009397385468	10	7	3	-6.74123423700401
chr6	32504983	32511570	0.490398194453422	130	0.124007766361902	1.45879919398504	311	0.456315006806916	8	4	4	-6.73674812915792
chr6	32511586	32514004	0.498769614679313	148	0.128659388616204	1.04437760814163	233	0.227484266890481	6	3	3	-6.73310655155612
chr6	32514399	32514568	0.338090295785412	16	0.0566143385842609	0.631081513024211	19	0.121439971453664	6	4	2	-6.73467156093202
chr6	32514666	32518890	0.446890913361772	91	0.132521379388822	1.55040715477072	246	0.881893857356394	9	5	4	-6.7331121324252
chr6	32518905	32530538	0.394911091541401	483	0.114865396267288	1.11140000161162	840	0.402233682575025	5	3	2	-6.73903542651574
chr6	32530606	32535485	0.491557321464722	216	0.115319110021234	0.967510677953364	338	0.256460884853696	6	3	3	-6.73634849075912
chr6	32535498	32536467	0.498882219004704	48	0.10342336860574	1.32740777940769	85	0.296282876415669	8	4	4	-6.73310106084985
chr6	32536532	32537067	0.489665538482625	34	0.116846750496555	0.759198171757942	53	0.0823249693625909	4	2	2	-6.73821586206083
chr6	32537089	32539216	0.456346738321447	86	0.0748233789005533	1.43606655090128	156	0.498029425853248	11	6	5	-6.7334985344529
chr6	32539270	32540889	0.314208636320197	77	0.0889991187066122	0.785104769416181	124	0.189640547805969	10	7	3	-6.75808288997544
chr6	32540906	32571037	0.498775356638023	718	0.116054970200014	1.09261886768233	1616	0.481716994366311	6	3	3	-6.73351328646596
chr6	32571081	32572828	0.189069867481399	33	0.0830325442768732	1.5069334723899	81	0.292022358246846	11	9	2	-6.73428324433977
chr6	32572850	32573294	0.128895044431283	11	0.0610023844541417	0.70561776890658	33	0.196957646193133	8	7	1	-6.73737217359337
chr6	32573779	32574675	0.439961615088438	51	0.0604306700471949	1.31312510512058	76	0.343159401352844	16	9	7	-6.73590016708678
chr6	32575028	32575352	0.20663661897392	21	0.101086902736022	1.78426721077473	42	0.335302935645857	10	8	2	-6.73331744304027
chr6	32575595	32577827	0.49059586107895	63	0.128811215494114	1.18277453328262	145	0.864676267848307	8	4	4	-6.73625590723011
chr6	32578456	32580510	0.315616544402705	73	0.109499098221928	0.698420225603945	130	0.149615685173216	6	4	2	-6.76441533875938
chr6	32580519	32582837	0.290567827772119	128	0.111995774831984	1.05393409265488	201	0.235853034284265	7	5	2	-6.73335770392803
chr6	32582902	32583733	0.47293106702373	32	0.149887239202697	2.05494231034069	57	0.653259218949765	17	9	8	-6.73326593195195
chr6	32584171	32586710	0.370533976856312	150	0.109259685117368	1.0954632946219	234	0.329475330483423	8	5	3	-6.7359299968389
chr6	32586718	32587272	0.263577634192639	60	0.107935546523793	0.825393710151236	76	0.0892943918790684	4	3	1	-6.73551866715709
chr6	32587459	32590047	0.483442786925158	148	0.120039171113354	1.24449169840026	225	0.287502287568539	8	4	4	-6.74453819644024
chr6	32590102	32590493	0.437891133951055	29	0.0431467024352323	1.7386738883773	39	0.325544926738593	16	9	7	-6.73344649174298
chr6	32590508	32591807	0.45584844704309	27	0.057694178507179	0.888497021218986	56	1.03332561280456	11	6	5	-6.73350285336369
chr6	32591843	32593031	0.404841830099584	50	0.038911201891654	1.63912229263261	81	0.495459301813062	5	3	2	-6.73573873529738
chr6	32593052	32601350	0.498864687279504	209	0.0821692634958616	1.11450704349619	444	0.581183098421622	6	3	3	-6.73327168212417
chr6	32601380	32601541	0.223620574329308	12	0.0461941718742908	1.48289102325204	18	0.274086128584343	18	14	4	-6.73389677513913
chr6	32601558	32603913	0.344221490132303	83	0.0743082487949058	0.964363567585939	140	0.231475864948039	6	4	2	-6.73813373773616
chr6	32603928	32605029	0.499518282846568	53	0.0415437237971946	1.35086276102037	90	0.267180579005572	8	4	4	-6.73311052600734
chr6	32605073	32607767	0.498997356726413	103	0.0901117904612135	0.804085728236498	167	0.271681998464096	4	2	2	-6.73366328393215
chr6	32607798	32610789	0.499502928662224	131	0.0451368949266246	1.21566249979972	223	0.429511166984675	8	4	4	-6.73320308350383
chr6	32610835	32611992	0.327008567659295	40	0.0893307165709361	0.765010083743034	64	0.148370885428568	6	4	2	-6.74368724915388
chr6	32612056	32628271	0.499180144950204	401	0.0658788097082708	1.11049256199172	787	0.416453590690053	6	3	3	-6.73357063351592
chr6	32628346	32639210	0.499158514455196	391	0.0761580413059431	0.977815265783036	675	0.317999577671189	6	3	3	-6.73319541827058
chr6	32639249	32640517	0.499406526037217	77	0.0567523459998498	0.652623171208282	105	0.234714221840233	4	2	2	-6.73312834386222
chr6	32640531	32643350	0.498930809156907	130	0.086001087205897	1.12734966406097	202	0.463322599109704	6	3	3	-6.73320839110813
chr6	32643351	32643760	0.483408944405681	41	0.0513127545595421	0.691601690970229	50	0.0850184517787588	4	2	2	-6.79511193567593
chr6	32643795	32667113	0.499144514424538	419	0.0673013452257053	1.20205040323305	805	0.370045406298217	8	4	4	-6.73442990182575
chr6	32667116	32778817	0.432688972082665	319	0.0901910333000292	1.06944466501451	3132	0.355573868813336	7	4	3	-6.73871869088306
chr6	32778897	51122244	0.477778921109771	12859	0.0737152338124944	1.13380666499008	508258	0.39842502610621	7	4	3	-7.0859679972227
chr6	51126265	51227426	0.13474818599853	18	0.146214376142873	1.18659195266956	2639	0.429525925569705	8	7	1	-6.73846308152884
chr6	51227857	57311141	0.498920804707882	3324	0.0679198913309465	1.18949257111778	168616	0.407170896739739	8	4	4	-7.05124690287501
chr6	57311200	59780790	0.487652284519347	272	0.146531034397754	1.2407642514325	34012	0.552182384108782	8	4	4	-6.76920081187406
chr6	59828833	170743540	0.319237832828971	66093	0.104724593630879	1.07657095753573	2840101	0.423638647233164	6	4	2	-7.80462606847711
chr7	20860	6860376	0.498924956356937	7153	0.0872899249081028	1.08948847132403	186545	0.416902280385084	6	3	3	-6.84750644827541
chr7	6860533	6872017	0.0750753071067205	9	0.141218605163925	1.14939375363921	297	0.383890111797788	12	11	1	-6.75291611280824
chr7	6877789	35927605	0.473765511696172	23033	0.0732701926168475	1.16438191073109	791255	0.417047555278153	7	4	3	-6.95840522151923
chr7	35928362	35928665	0.199819385518966	18	0.0634701308990289	1.0501725603429	25	0.113320739496352	10	8	2	-6.73931264321663
chr7	35932051	57492621	0.498943424388548	17741	0.0760336393329774	1.17621862310071	586741	0.439092372505532	7	4	3	-7.18978179312411
chr7	57493484	58189174	0.469179630303236	742	0.117828331041208	1.25019233636711	18287	0.455141101472953	8	4	4	-6.78472261458107
chr7	58386046	60084644	0.315849181680871	68	0.143968914311291	1.9970257008315	730	1.98500002716221	13	9	4	-6.73586777067141
chr7	60102614	60165451	0.49868515844016	9	0.129743015226254	1.2806506327614	39	0.607439576753283	8	4	4	-6.73334283176234
chr7	60165606	60437269	0.498448846045966	11	0.160421320278821	2.05923839530966	119	1.24453789461941	12	6	6	-6.73315732245534
chr7	60443186	60955306	0.321400199568622	243	0.115890615958284	1.14892544658377	2077	0.405840379398566	6	4	2	-6.77273264187951
chr7	60955309	61042498	0.493563442246239	268	0.118885361844923	1.2651872794339	3092	0.423338748088292	8	4	4	-6.73590114797899
chr7	61042601	61042693	0.23795424171674	11	0.0972566426803565	0.561941203385734	14	0.0521174181509913	9	7	2	-6.76073754989725
chr7	61044224	61044440	0.138182127216833	18	0.0679061251292206	1.48774968627217	25	0.124667892150839	15	13	2	-6.7354698681081
chr7	61046472	62307851	0.467582264108683	918	0.111930068296379	1.15359078483642	14677	0.439658569142257	7	4	3	-6.80176451844786
chr7	62307873	62309099	0.496516833530077	46	0.133738711655112	0.811784780212947	109	0.166374714730529	4	2	2	-6.73419869701211
chr7	62309104	62431385	0.488231727683336	268	0.106007502698248	1.18820142690542	4040	0.334366772562255	8	4	4	-6.75057618247157
chr7	62431955	62442745	0.168527001434665	55	0.0565120409683704	1.05396503602138	437	0.305261520675094	6	5	1	-6.74056866770762
chr7	62442770	62451875	0.498886586553926	170	0.118292810583953	1.09288960472989	526	0.311439791076073	6	3	3	-6.73338621650003
chr7	62451900	63013061	0.398323755965411	73	0.102687853622437	1.12759060446742	12694	0.483965533804241	7	4	3	-6.79289254594562
chr7	63013399	63521553	0.498694205052682	119	0.126364665831989	1.12912851256675	8800	0.456792376993775	6	3	3	-6.749470191059
chr7	63521976	63646016	0.498674151114347	139	0.127242732854694	1.26393409657671	1554	0.666259016535795	8	4	4	-6.73375498576853
chr7	63647616	142472157	0.352582947832444	40650	0.108056338060211	1.0646873062472	1963294	0.443762739462805	6	4	2	-7.23804969083176
chr7	142472201	142473840	0.499119349901962	106	0.0880678575258894	0.857263133010462	143	0.220855917187656	6	3	3	-6.73366852682226
chr7	142474955	156149187	0.324624105292111	9955	0.108872685263351	1.08220614768973	339463	0.457870372900035	6	4	2	-6.89540079830307
chr7	156149492	159335108	0.243696635076001	2829	0.109435290063308	1.32947766333028	90243	0.527864050153964	8	6	2	-6.74001869734539
chr8	75802	1350953	0.471693195352415	1233	0.0992373404194143	1.04087148410475	31307	0.413442681896538	6	3	3	-6.78416744612814
chr8	1351050	1352183	0.16961184294658	15	0.117961252718243	1.84760114229316	70	0.895419339633012	12	10	2	-6.73309598755339
chr8	1353272	7166643	0.498928163122075	11346	0.0810228989111503	0.991017790127533	153374	0.378857262372363	6	3	3	-6.74763726863484
chr8	7167044	8182178	0.392826064536032	842	0.119107889093151	0.964092772909101	10660	0.439043918999716	5	3	2	-6.78664647694869
chr8	8182182	12177002	0.498906969138314	3045	0.0809488297939928	0.953025343089501	102607	0.344029733355368	6	3	3	-6.81383092713568
chr8	12177073	12612545	0.376506928599706	557	0.111641309310854	0.940791936076073	7742	0.30619417837114	5	3	2	-6.79471249041377
chr8	12612630	45187816	0.498941657444193	23867	0.0799497993964317	0.958743678313843	826928	0.351385320551883	6	3	3	-7.21659485674874
chr8	45206662	130022435	0.498958674424028	57648	0.075989312389382	0.977570500748421	2243916	0.341211710498688	6	3	3	-7.30928907520798
chr8	130040454	131234005	0.34839686851267	835	0.106070877693386	0.819414328798773	30706	0.294380063619853	5	3	2	-6.89892263208271
chr8	131235529	143072237	0.498930539527656	9634	0.0792874380680304	0.964364899555568	315804	0.340118530313611	6	3	3	-6.89303484855723
chr8	143072254	143073262	0.285138716731825	43	0.110128999161242	1.55648123565124	199	1.02033821873193	14	10	4	-6.73352885205304
chr8	143073269	145074901	0.494393225580602	1688	0.0936754498549235	0.896211660292208	54360	0.322607364458832	6	3	3	-6.91031215346281
chr9	10446	177632	0.445206595117281	144	0.125711807044758	1.11807872957047	3788	0.419186997833728	7	4	3	-6.74340332483054
chr9	215269	34176976	0.498957886270954	32420	0.0704812036491631	1.08780786621545	952682	0.363510302386173	6	3	3	-7.38527902593854
chr9	34181084	34183569	0.084685514084503	9	0.116284134773408	0.91407221401534	80	0.293647501374167	12	11	1	-6.74434037209558
chr9	34183649	38779888	0.498912823487252	3092	0.0736864323116025	1.02641319067386	128496	0.342574364846061	6	3	3	-6.73581668008338
chr9	38784166	40524526	0.49880815299018	1366	0.114491516512618	1.08645981139484	20449	0.46433654978428	6	3	3	-6.75507304205413
chr9	40526616	40544845	0.369142610318165	18	0.0920350352442933	2.07003687999352	102	0.669503729153771	11	7	4	-6.7343162277353
chr9	40548311	42999853	0.498856545712374	4321	0.109254977136219	1.11518244103359	50270	0.435701826147146	6	3	3	-6.80019684312264
chr9	43000153	43717845	0.479849747276067	714	0.105325695605864	1.14376152450539	8727	0.460441835962498	6	3	3	-6.78348195221807
chr9	43727409	60524709	0.498562621868133	247	0.146655684623751	1.27184539127667	2899	0.942499562538496	8	4	4	-6.76910296631326
chr9	60526119	63765179	0.415755050680733	1665	0.114394522580672	1.12719700634888	30514	0.477430245859583	7	4	3	-6.76067839962148
chr9	63765369	63778842	0.226589657332426	122	0.117747583538154	1.03582036804406	539	0.344248663216087	9	7	2	-6.7427374313559
chr9	63779460	65384078	0.427150392510033	1556	0.12104111536222	1.18848880538007	17467	0.483638859898762	7	4	3	-6.73355924857366
chr9	65385188	65385796	0.124916377642307	35	0.0598633177056091	0.816806444297363	69	0.197623111725704	8	7	1	-6.74357337034104
chr9	65385901	68405558	0.354549890141643	1687	0.11646219844946	1.09854644599553	36089	0.442508583372996	6	4	2	-6.80254953024716
chr9	68405593	86149776	0.498945437185665	11978	0.0696219462782817	1.09687068410125	491635	0.364651741388957	6	3	3	-7.17413751751488
chr9	86157470	86174199	0.0734383219499327	9	0.126691006433413	1.04810251427939	414	0.351869675417694	12	11	1	-6.77547670294469
chr9	86212219	94542550	0.479661191033066	6267	0.0753201511455406	1.06514109603175	231593	0.357911884967072	6	3	3	-6.86384883165439
chr9	94542644	94543291	0.120239453573916	9	0.0953604273853212	0.765698538593255	23	0.232666897893736	9	8	1	-6.7368325911539
chr9	94543471	97222372	0.494532286047829	1870	0.0752914164696998	1.03222397947441	73933	0.346200402825009	6	3	3	-6.73974447657355
chr9	97222519	97222880	0.172085363109972	15	0.0666546179588338	1.12121833537051	25	0.0944783925914633	6	5	1	-6.73428102853565
chr9	97223769	129407806	0.498951226590593	22522	0.0730869281425364	1.04299942160468	888148	0.351168153642039	6	3	3	-6.84247308802832
chr9	129410496	129512826	0.314943391682693	594	0.0894047346755552	0.984927823903576	3420	0.332731400525338	6	4	2	-6.77120941332623
chr9	129513732	134849019	0.47502111084873	4172	0.0810394345476566	0.976301074361177	147692	0.340192012590095	6	3	3	-6.83217689476146
chr9	134849091	134850699	0.247771947684246	14	0.11622753830027	1.65661390407017	69	0.919387031009098	16	12	4	-6.7342111246106
chr9	134850751	138269719	0.498899469112416	2806	0.0923932127116191	1.00576014973503	94473	0.372049236124796	6	3	3	-6.73450671223934
chr10	10374	1529235	0.498864254856337	1088	0.100439806701724	1.06958127899922	41423	0.392187594167957	6	3	3	-6.74898156089556
chr10	1529942	1592965	0.347865394557106	42	0.119138097092667	1.07997125110946	1658	0.426953796990045	6	4	2	-6.73842927268132
chr10	1599188	26571758	0.498950562450836	22939	0.0744406716991345	1.02876332213818	692698	0.347053345480005	6	3	3	-6.75384802594746
chr10	26571765	26585327	0.235759621767266	89	0.111390907940496	1.06755992502853	576	0.297892158772013	9	7	2	-6.74795798506403
chr10	26585529	26641365	0.40030303501704	217	0.0710268171591573	1.09068392249961	1819	0.32727353832424	5	3	2	-6.75314653615632
chr10	26641383	26641989	0.13039763218209	24	0.0738140534908741	0.961042534874747	51	0.127603460522256	8	7	1	-6.73581771663782
chr10	26642520	26652130	0.296895243443172	88	0.0905208312966777	1.00381106454381	366	0.339619419025437	7	5	2	-6.73760151371704
chr10	26652321	26837761	0.433869684865875	370	0.0716347448235437	1.00899972406895	5367	0.339626396680386	7	4	3	-6.75843311566727
chr10	26837791	26837842	-0.000862595890242068	10	0	0.663816821948559	11	0.0467556510925782	0	0	0	-Inf
chr10	26837884	28362128	0.496658550346794	1171	0.078345721110475	0.993222197944916	41940	0.337091049439045	6	3	3	-6.73809804494631
chr10	28362269	30339411	0.333682700343896	1383	0.0812844335482513	0.983770000323826	61218	0.260901175863069	6	4	2	-6.75186366850844
chr10	30343299	37125267	0.496780466841253	5419	0.0712205285451598	1.01290144679036	187638	0.341567295596537	6	3	3	-6.73449442940625
chr10	37145962	37147983	0.116175957806273	28	0.08912635196033	1.37255944621933	106	0.418787345440151	9	8	1	-6.73322766719627
chr10	37152272	38857228	0.498892660178538	2139	0.0960042590296965	1.08176947445377	47358	0.369655742791445	6	3	3	-6.76282834234933
chr10	38857287	38899875	0.332913308851969	72	0.109700865673783	1.28214537384522	656	0.606619726399643	9	6	3	-6.73539916586178
chr10	38901572	38901709	0.0150843448964337	18	0.0591063072400531	0.632937956587383	20	0.0971601499424641	5	5	0	-6.7338273862492
chr10	38901726	38904828	0.483357555730923	61	0.164946242277689	1.10087669395833	157	0.859728357544954	19	10	9	-6.73780735449079
chr10	38905164	38905956	0.498700848901945	43	0.115457734137186	2.03732591434604	67	0.399845141326067	12	6	6	-6.73310639167679
chr10	38912045	38976076	0.367303542161427	623	0.10724303969393	1.11768432297471	3002	0.283922186140721	8	5	3	-6.75464126401634
chr10	38976194	39556508	0.476473803848419	663	0.0695910404487327	1.10078000694332	16204	0.380600128516724	6	3	3	-6.8163981260731
chr10	39556710	39691731	0.498766731995601	110	0.106439247983342	1.11264637355248	782	0.47332093408566	6	3	3	-6.73612338896654
chr10	39845044	41701749	0.496005621826693	525	0.143039052734042	1.27486665085758	4359	1.18375214854406	8	4	4	-6.73582684286332
chr10	41704946	42215554	0.414802995390403	1999	0.0996981000213456	1.11239698347191	26153	0.33866703343229	7	4	3	-6.75653879744271
chr10	42221232	42279754	0.342871981659464	183	0.120140173140319	1.13634560713373	2006	0.376716718218461	6	4	2	-6.73739168378377
chr10	42279785	45677175	0.498919140614069	3437	0.0734817776195414	1.04956365644149	95195	0.347771714394838	6	3	3	-6.75139003930435
chr10	45677291	45958671	0.493928971150774	399	0.106183879588333	0.976076358543597	7076	0.365781914175513	6	3	3	-6.73697357639811
chr10	45960487	47498298	0.49889701696009	849	0.0841309080347817	1.04241632002679	35102	0.369739907614773	6	3	3	-6.73772898870608
chr10	47498805	47552591	0.197714445470435	11	0.140081015519916	1.03499771419541	992	0.441534483191302	5	4	1	-6.74314201313415
chr10	47553391	79657589	0.480058418074043	22747	0.0738316469062594	1.03017822953421	868094	0.353775152957222	6	3	3	-6.80777514740415
chr10	79657795	79869037	0.496165153972231	234	0.115657270638273	0.990701074016512	5068	0.460215311609849	6	3	3	-6.73405667197182
chr10	79870424	82541828	0.498901286978271	1577	0.0727270097183234	1.04074921867247	72032	0.351679108194226	6	3	3	-6.74093884286116
chr10	82546811	133786710	0.316069966446703	30686	0.108136850103407	1.00709196220675	1298117	0.404385535175546	6	4	2	-6.7694502730303
chr11	70643	53372725	0.35768790645801	39721	0.103289841961271	0.928702649095387	1306296	0.353381250352582	6	4	2	-8.31657881143247
chr11	53408771	54424984	0.498657405144993	357	0.14124821539202	1.06594326170769	2807	0.63189346056735	6	3	3	-6.73666254119161
chr11	54536448	54922909	0.499054103367679	165	0.0947519237324382	1.04721839604661	9448	0.401104435798097	6	3	3	-6.73444772454686
chr11	54926123	54926167	0.174472851348891	12	0.0177832062419133	2.68395323956354	13	0.464763670300045	6	5	1	-6.73338066122718
chr11	54926192	56698040	0.396705731395115	220	0.0939489332286137	1.01830798490007	42555	0.390326295536233	5	3	2	-6.95396350604682
chr11	56698088	56702741	0.499416644316553	277	0.0501343874950257	1.07121434598775	407	0.241369004874701	6	3	3	-6.73324738340942
chr11	56702778	56707148	0.499298590654054	327	0.0652395602482436	0.861728998570778	446	0.208170912135301	6	3	3	-6.73473095255241
chr11	56707520	56707619	0.135378589250357	12	0.0513213287813048	1.15073771191294	14	0.0995786728567522	8	7	1	-6.73589063513873
chr11	56707631	135074712	0.458183975880976	46728	0.101163280102193	0.945853155811746	1934301	0.399808517594668	6	3	3	-8.04167726115315
chr12	10700	39111	0.29021779117616	108	0.110227504751484	0.887866213253419	549	0.312083678162905	7	5	2	-6.74721421226248
chr12	40392	61480	0.462413756253289	153	0.0745520927532134	0.999264563932501	879	0.210216997860603	9	5	4	-6.81281574717708
chr12	61838	11026711	0.34071051237651	9411	0.106233961341876	0.862287318383202	283210	0.32234531670005	5	3	2	-6.94414320268283
chr12	11027328	11027505	0.125957657669503	9	0.163268269353778	0.52806266378128	13	0.120664028162115	8	7	1	-6.74020839258207
chr12	11027605	11029349	0.499093046441234	32	0.0831803084249957	1.11796456539268	75	0.39233005869415	6	3	3	-6.73316380217339
chr12	11029366	11050767	0.398741579805105	185	0.107689670349029	0.813795986281743	702	0.301145813486232	5	3	2	-6.73420871170236
chr12	11050782	11051169	0.240383703154286	28	0.0590513519685381	1.49427955290653	37	0.219982827612622	17	13	4	-6.73630632211371
chr12	11051392	11061793	0.299886962145137	135	0.123517043940202	0.815410958754476	425	0.270267083176277	7	5	2	-6.74838110394372
chr12	11064024	11069090	0.4343278923794	89	0.0791635762707024	0.968492834123208	264	0.224901376267744	7	4	3	-6.7371180981962
chr12	11069111	11069660	0.192016037848607	43	0.130050216044591	0.645265043152353	57	0.0999511910959732	5	4	1	-6.74548130272698
chr12	11069707	11077770	0.498744890180742	288	0.11438134477281	1.04533111339911	509	0.360908570355166	6	3	3	-6.73313298289083
chr12	11077804	11080045	0.497152219211868	96	0.0806319604638608	0.774506098375652	148	0.152194543368256	4	2	2	-6.73464669950811
chr12	11080097	11083560	0.498639353774434	35	0.125050329363619	1.17889993207756	120	0.591256965895446	8	4	4	-6.73320494398069
chr12	11083605	11084682	0.406470559428496	65	0.0718295491745242	0.942484866854443	99	0.182525497974511	5	3	2	-6.73469794658251
chr12	11084695	11084779	0.139922004277525	9	0.0934826187052973	0.355976624639649	12	0.0325951985681476	7	6	1	-6.80795358173877
chr12	11085160	11088322	0.412873150736409	84	0.104370112285543	0.865240581303663	175	0.326392540925428	5	3	2	-6.73848362865651
chr12	11088373	11092250	0.114019970634951	23	0.0778038986190037	1.28044954753649	144	0.533304732943442	9	8	1	-6.7344599450438
chr12	11092256	35475214	0.334536741994341	17623	0.104747773343862	0.883243865778765	613034	0.330903238647067	5	3	2	-7.16398937870781
chr12	35512427	133264810	0.323815202576177	64815	0.105538764420644	0.879403483526382	2488785	0.329773573990044	5	3	2	-7.60357142764588
chr13	16000272	16010506	0.464270907118364	74	0.132930973254918	1.4051985114294	329	0.587600791170561	13	7	6	-6.73657421692101
chr13	16010914	16011250	0.164544180546009	12	0.0815309478329883	0.520030138598258	22	0.189294589353319	6	5	1	-6.74507449873572
chr13	16011268	16098580	0.498600202009049	128	0.133257461085822	1.52185309175206	967	1.00642317767228	10	5	5	-6.73357746962692
chr13	16098861	16164787	0.368226920541149	414	0.136843773132706	0.976146038881462	3134	0.422073561251915	8	5	3	-6.7584811367073
chr13	16170662	16197177	0.119857666581471	17	0.0970811894907617	2.12139976585082	94	1.09387287550465	17	15	2	-6.73422235925313
chr13	16197689	17692853	0.471589286715204	2818	0.147160140977425	1.32043131899994	28542	1.05672311338523	8	4	4	-6.75560071545732
chr13	17704349	18046066	0.339812233019283	315	0.146688249921557	1.15124118290587	4339	0.761950205231	6	4	2	-6.73873898231471
chr13	18047578	18543253	0.498776622866304	545	0.110501247725018	1.03583509944765	8760	0.453908751789453	6	3	3	-6.73366751881575
chr13	18543705	22966500	0.238015477482561	3047	0.113446622269215	0.946498398729309	111205	0.389618246022508	5	4	1	-6.96645136912047
chr13	22966587	22966782	0.493372933126919	22	0.0429735648128855	1.85534053353512	29	0.495693242480059	12	6	6	-6.74726773219518
chr13	22966790	63024201	0.224948805564428	28827	0.111364358461208	0.926361361178199	1003466	0.374512892897729	5	4	1	-7.79270567540412
chr13	63024773	63062547	0.301652873166181	353	0.0995638861339608	1.08631591732995	1392	0.364343793135322	7	5	2	-6.74210736615442
chr13	63062810	114352755	0.231815138385585	38597	0.112241999862298	0.920706021621089	1280642	0.370819217397452	5	4	1	-7.91433834243663
chr14	16024678	16076977	0.496565908805816	42	0.0995529612930059	1.32426412744312	232	1.01115743030353	8	4	4	-6.73375156511849
chr14	16077555	16096726	0.242973944509664	19	0.112826731517975	1.52289153164168	113	0.725055098390214	12	9	3	-6.73951838512875
chr14	16096799	16403718	0.49224731967294	596	0.105224952838688	1.2063448837511	2203	0.285283766203644	8	4	4	-6.76323665855044
chr14	18224769	19488336	0.498711934845595	560	0.136750572435591	0.959132581896111	13192	0.486325208755368	6	3	3	-6.74353861893066
chr14	19489067	48445071	0.49892521459269	18404	0.0960240279682991	0.887700004259117	680751	0.411835272244589	5	3	2	-7.46244699421901
chr14	48445312	72503879	0.31758730133579	14762	0.106359519295348	1.08172070248031	619107	0.430128055117316	6	4	2	-7.04956219215567
chr14	72504254	72879392	0.359311629672781	357	0.108471539542086	0.615430059297562	9904	0.1968547619204	3	2	1	-6.9093236657653
chr14	72881422	73184682	0.498662857544433	198	0.119197316266335	0.784076771966154	8125	0.312803441131001	4	2	2	-6.76661702481468
chr14	73190486	73665557	0.49914638411252	330	0.0725177606217958	0.855939679943406	12657	0.283116192600079	6	3	3	-6.83532647264097
chr14	73690052	73907131	0.0283702312624441	12	0.170193650844791	0.773141879821623	5836	0.269753312610354	5	5	0	-6.75315616204568
chr14	73910752	76287251	0.498890473886791	1214	0.0769258605911924	0.781304940132371	64985	0.27349502986247	4	2	2	-7.04399839064451
chr14	76287624	78462680	0.498897882057529	1374	0.069866286809513	1.09915391951447	60622	0.383719744297537	6	3	3	-6.78813506227896
chr14	78463743	78728694	0.499127244579581	223	0.0678179021079365	0.794947348567568	7283	0.275091550683469	4	2	2	-6.7790302264697
chr14	78728858	82568761	0.492364370748725	2180	0.0717547035153796	1.10236282708916	105275	0.383294743644376	6	3	3	-6.84350193759385
chr14	82569021	83092424	0.49886162816655	355	0.0816735635778614	0.882996452286793	14298	0.335632647748192	6	3	3	-6.78719558244509
chr14	83100725	86467946	0.470583689020404	1765	0.0743149891253805	1.1807646374527	91931	0.409225703536794	7	4	3	-6.90620884378834
chr14	86470437	105449872	0.345320244244382	8460	0.105829053016242	0.894268087196878	483907	0.341274661368359	5	3	2	-7.14299774589685
chr14	105450028	106832265	0.404254003963955	1609	0.106130007580075	0.980312758100558	35470	0.376048913314638	5	3	2	-6.84929907498009
chr15	17024642	18911412	0.407490524621669	389	0.124883505836228	1.42299908825145	3781	0.898961965892397	10	6	4	-6.77170435416487
chr15	19043576	22359792	0.402799820812288	2339	0.112255370730495	1.38679713080339	36133	0.618663109945349	8	5	3	-6.76849111394135
chr15	22365104	22618416	0.207474209349492	91	0.130457252576063	1.22722767590252	4260	0.551698956276577	9	7	2	-6.76767345823539
chr15	22639473	23040567	0.498855344225613	474	0.0940777027093233	1.22818317845982	11272	0.452216710513668	8	4	4	-6.7429429496476
chr15	23040680	23050500	0.422410865636058	123	0.13388025606544	1.69179650916455	777	0.949633458761755	12	7	5	-6.73396267184597
chr15	23050823	28465166	0.498918889807119	4669	0.0842004996517338	1.29113340642655	142423	0.487654254338249	8	4	4	-6.75651885366752
chr15	28471779	28692636	0.377773073122586	100	0.150797707495368	1.31678415657063	1981	0.804660497029578	8	5	3	-6.73313256617927
chr15	28692925	29948251	0.496639891346864	1262	0.0829184499667226	1.21264719725794	34920	0.450444011844545	8	4	4	-6.77403230503067
chr15	29948952	29949718	0.15072293941225	12	0.111789947778154	2.11241573099956	79	1.99854032525692	7	6	1	-6.73307444700306
chr15	29950550	30091622	0.470550971639049	115	0.0738487507427852	1.21261301431428	3736	0.471749808864661	9	5	4	-6.82039503162864
chr15	30091880	30742337	0.351592353397367	123	0.128592157444188	1.22727379012747	7978	0.641636528652606	8	5	3	-6.76497545624209
chr15	30756251	34309222	0.477083553851498	2262	0.0794222937432112	1.22312446637706	89614	0.479834758334851	8	4	4	-6.86597153550619
chr15	34310740	34576353	0.431251064088424	464	0.100116772491776	1.22548192387051	6182	0.517001565543681	7	4	3	-6.73393969851741
chr15	34609759	44751228	0.498916926673043	4247	0.0773329924268868	1.17387443553657	270348	0.438249116020334	7	4	3	-7.17544018764346
chr15	44784791	44785070	0.173788963527896	18	0.0583332773108975	0.747210643462909	29	0.112330934814307	6	5	1	-6.73446787120905
chr15	44803892	45027109	0.454253234525937	289	0.0797798826828666	1.20377100883505	6125	0.433702338138159	9	5	4	-6.77702598836643
chr15	45027124	45030179	0.254328130757408	107	0.0725394960489754	1.01304201499193	191	0.245082243971852	8	6	2	-6.73550000976064
chr15	45030214	81871019	0.498949216091306	23738	0.0766463862549416	1.15976731592645	993758	0.426688792301945	7	4	3	-7.22065146337577
chr15	81871131	81874983	0.241524676525677	16	0.146539514011295	1.25763886399412	74	0.878729678370441	17	13	4	-6.73542758277079
chr15	81875501	82452719	0.498868116224583	570	0.0915480231802253	1.1953395606202	14886	0.447567142691792	8	4	4	-6.75732197343456
chr15	82453119	82524115	0.244796919146625	73	0.123608153642386	1.19901498899005	1050	0.536419554259047	8	6	2	-6.73878812361502
chr15	82525443	101947441	0.498942278134027	15014	0.077772341879413	1.19821774202864	519366	0.442801654981673	7	4	3	-7.18296069589096
chr15	101947564	101980992	0.288664661416951	50	0.108377098642675	1.0765551075577	940	0.400355011204416	7	5	2	-6.73422044279909
chr16	16513	33746773	0.344331822469475	25868	0.109154906370726	0.967176839632502	806902	0.384327791533435	6	4	2	-7.04529616429523
chr16	33747935	34165035	0.417869859220424	293	0.108988172456792	1.14033832342619	9334	0.502288557846995	7	4	3	-6.74174324802835
chr16	34165086	34213632	0.455037959954912	482	0.107223360873791	1.10006960498259	2236	0.342067993317297	9	5	4	-6.76287916952036
chr16	34236235	34767237	0.491286718537647	372	0.10998365511462	1.21886522408341	12100	0.533819700809283	8	4	4	-6.74774438012866
chr16	34767238	34907843	0.234104716638622	65	0.0903413319029557	1.44060080663743	3194	0.572485355794372	9	7	2	-6.73754280160363
chr16	34910185	36787992	0.323067546427227	598	0.114833787120552	1.43880159278965	38719	0.485154523562381	9	6	3	-6.75214210980495
chr16	36901615	46999856	0.449108614084264	353	0.129256594752034	1.01557537805017	23657	0.448593979269789	6	3	3	-6.82462803442769
chr16	47027271	85155120	0.49895494586414	31552	0.0750807862070253	1.14465682201262	1051644	0.409342873774445	7	4	3	-7.3279948720502
chr16	85155131	85163372	0.133033859972582	10	0.0723836230710296	1.09218392863407	228	0.479627975014079	8	7	1	-6.73410719925494
chr16	85167176	88216579	0.498913809257668	3667	0.0795401365502236	1.09995410893882	85619	0.39817285570791	6	3	3	-6.80580452339392
chr16	88218146	88220119	0.113647045131769	9	0.103286951956404	1.09827825161983	66	0.339931726656808	9	8	1	-6.73491044958794
chr16	88220149	90175279	0.498865831319698	1667	0.10025256312638	1.05705942801045	52882	0.409434042924364	6	3	3	-6.74431280280988
chr17	72480	316459	0.476892234918253	385	0.10386564787475	1.11487568375525	5855	0.571008246146342	6	3	3	-6.76648771699065
chr17	316519	317035	0.142897776596613	10	0.0840156070157338	1.09350759153447	65	0.189002539919848	7	6	1	-6.73783052331865
chr17	317393	21297801	0.498942221930228	16953	0.0793958326084945	0.993508536207687	573446	0.34752984376204	6	3	3	-6.78293081958089
chr17	21297848	21305037	0.499452743478837	144	0.0460115516854234	1.17247478857431	386	0.210009939123487	8	4	4	-6.73497285317755
chr17	21305548	21321221	0.434534666213677	85	0.109564891941801	1.08324749169505	556	0.36816749061256	7	4	3	-6.73453803977025
chr17	21321274	21682126	0.452862224163959	1428	0.0959127977571497	1.08740149536144	11874	0.333683736812074	7	4	3	-6.77984645325806
chr17	21682135	21684943	0.0282320210912377	29	0.0889805840336833	1.155029387182	70	0.387541922930908	3	3	0	-6.7415865431821
chr17	21686032	21863321	0.498798549068443	1155	0.116430183699149	1.08327305230773	6461	0.318411797175628	6	3	3	-6.73746225714392
chr17	21863949	21864127	0.0260899808079976	14	0.0155374414853955	1.26612135714673	27	0.299375008996068	3	3	0	-6.74596879211611
chr17	21864555	21876317	0.494829323517205	55	0.0859043317228777	1.0423897453373	619	0.355510755978593	6	3	3	-6.735240696539
chr17	21876467	21882161	0.178295389236502	55	0.116397597369536	1.01095939006305	378	0.37296361165684	6	5	1	-6.73356348689757
chr17	21883742	21895399	0.380075364259791	56	0.111445949568949	1.63311641937256	220	0.83056045498545	8	5	3	-6.73377911417986
chr17	21896211	21896433	0.324228594372896	40	0.0793666596668064	1.15039228856742	44	0.124804208184459	19	13	6	-6.74641176552509
chr17	21896435	21896561	0.105356814612675	9	0.0119976849618768	0.488859916662459	15	0.0910976451527753	10	9	1	-6.74820695715235
chr17	21904529	21906512	0.460335132901403	19	0.102366472718572	2.01242183723957	58	0.328138366636397	13	7	6	-6.73324825664744
chr17	21906554	21910309	0.343506481457227	25	0.121270812646737	0.998760917579301	44	0.25712174438898	6	4	2	-6.73455387314521
chr17	21917919	21949772	0.49663624079894	40	0.105586081056267	3.44391358667591	101	2.2932782965324	20	10	10	-6.73364294108842
chr17	21969236	21985294	0.493179937496276	88	0.134905919460705	1.49738874617303	710	0.590812120229132	8	4	4	-6.7348772508334
chr17	21985309	21985491	0.0499203895980117	20	0.143168064654245	2.77563598254682	66	1.54734993940124	20	19	1	-6.73337788298986
chr17	21986813	23006831	0.29707149970902	992	0.0939946300044347	1.11326198756979	21128	0.425897025462515	7	5	2	-6.74784961127395
chr17	23007201	25074734	0.43706749788583	77	0.137611394012751	1.11567646447188	1347	1.1345927921783	7	4	3	-6.73766650359016
chr17	25101189	26341964	0.492386940489392	49	0.1479934384462	1.83536580960555	789	1.57039440903363	12	6	6	-6.73700865729126
chr17	26460154	26788489	0.493595650701662	467	0.121451883811005	0.928845965002734	6967	0.374468530380736	6	3	3	-6.74586699810037
chr17	26788501	26811958	0.498799345340473	266	0.115939030846385	1.08001337964317	1361	0.339698910367722	6	3	3	-6.73355590001059
chr17	26812042	26819948	0.435697901316494	232	0.06105937179388	1.01536130913558	592	0.23436354373763	7	4	3	-6.74007764778069
chr17	26820378	26821844	0.375440377497709	30	0.0830902016437281	0.718511992125372	74	0.174573546081543	8	5	3	-6.74467815919949
chr17	26822965	26866359	0.35355710295872	159	0.0906559019387328	1.09577392397894	2152	0.321081941921115	6	4	2	-6.75345766873318
chr17	26866381	26867194	0.499044854238267	38	0.110954195821575	0.672307943832855	71	0.0827166188513846	4	2	2	-6.73310039504194
chr17	26867399	27006946	0.409308919185153	577	0.108963011545817	1.26382169678742	4701	0.365689124886964	7	4	3	-6.75764210554292
chr17	27007165	31925382	0.470580099378536	2766	0.0756651036202824	0.935592638707865	133743	0.319882756111006	6	3	3	-7.01034443844062
chr17	31962140	32135641	0.226524258902794	24	0.125802467660874	0.926454862306627	4682	0.31819591874986	5	4	1	-6.75248510237673
chr17	32169795	36101154	0.496742201260974	2881	0.0749857244953342	0.972909845815713	107191	0.328248083859032	6	3	3	-6.77418404284451
chr17	36101430	36450016	0.36298856282992	248	0.115752500790289	0.92393028595314	6036	0.305111518241478	6	4	2	-6.78219980263607
chr17	36450176	83243083	0.498948073128288	28096	0.0802214186520828	0.923019848077428	1252939	0.319041694495596	6	3	3	-8.56120094351554
chr18	10659	112477	0.323597356997414	250	0.122976441470009	1.18367429790768	3047	0.464079136874029	6	4	2	-6.74724142310494
chr18	112535	12174766	0.496798325061306	10910	0.081237998366208	1.07343646931073	326999	0.382030442943311	6	3	3	-6.8825754974227
chr18	12175380	15410736	0.498882410279191	2927	0.0945270205323537	1.08792416599749	87642	0.408400017015103	6	3	3	-6.78776054019295
chr18	15467190	18493534	0.285439329679023	438	0.136336245690841	1.15314842600883	4547	0.87851738023137	7	5	2	-6.73507784252276
chr18	18519094	20832783	0.370011892886004	190	0.142508649383059	1.14354425240588	2600	0.807597556577295	8	5	3	-6.79052351703007
chr18	20833080	80261792	0.49895229886347	45124	0.0810584393355725	1.12788657338792	1596376	0.412244998771654	7	4	3	-7.54733177295418
chr19	75041	24168126	0.328433450985198	16136	0.111424220378308	0.955495977024131	616165	0.402638269912258	6	4	2	-7.05123701162417
chr19	24169780	24310085	0.498867051537385	188	0.0706888750469985	1.39449909123642	3908	0.51516674243037	8	4	4	-6.73358480319038
chr19	24314525	24367762	0.495198112632518	213	0.0977201503688585	1.16712493454112	1886	0.395375607921129	6	3	3	-6.73842965246271
chr19	24367778	24908226	0.308511391772195	436	0.100374802702722	1.09944999112219	3176	0.256495993399122	7	5	2	-6.777811073752
chr19	27241144	27338815	0.448855387791034	106	0.0740541944772648	1.27419309249113	3128	0.458317515268704	9	5	4	-6.742456782336
chr19	27338832	27400193	0.31266615902782	963	0.0864476159984018	1.11224840163075	3400	0.259254797576712	7	5	2	-6.7751423091371
chr19	27410783	41102610	0.498936901178881	10813	0.0789860876468068	1.18203719454356	377203	0.445441632923945	7	4	3	-7.15762091741654
chr19	41103566	41103597	0.133604089310012	13	0.0542946613987992	0.811290459967255	17	0.149092647863866	8	7	1	-6.73381706003157
chr19	41104242	41359738	0.498849994941398	278	0.0783707059301068	1.03408249828014	7146	0.393336450822248	6	3	3	-6.73348274448474
chr19	41360368	43278963	0.312262213102337	980	0.104524629448705	0.900379536630165	49251	0.356005896035511	6	4	2	-6.89637356592291
chr19	43279843	44709425	0.463378930354815	1519	0.0824924581874191	1.11887276526162	39787	0.402293324056038	7	4	3	-6.84454283431983
chr19	44709472	44709578	0.123092229076175	9	0.0554386547856678	1.20193955144448	11	0.314515124654385	17	15	2	-6.7343537690768
chr19	44713260	46297376	0.49889134158039	1255	0.0736394931532474	1.10118808266127	44743	0.413708780431205	6	3	3	-6.76934016783982
chr19	46300618	49566960	0.340824330145802	2091	0.115107574005024	0.829450380473195	83588	0.330687716619581	5	3	2	-6.91393148433803
chr19	49568440	54221659	0.490233221480746	4339	0.0838266874767772	1.15474832022618	129076	0.440676351016014	6	3	3	-6.9694506614302
chr19	54222365	58606915	0.315410734995859	4026	0.11541834236918	0.894768685092905	113516	0.360820987491816	6	4	2	-7.06241916348409
chr20	60601	65146	0.484748678998635	77	0.0843127781890761	1.07300409999392	446	0.24565753935881	6	3	3	-6.7527352550188
chr20	65497	15674405	0.328035142271772	11716	0.10345728423837	0.837345040996775	404057	0.302596219054774	5	3	2	-7.05652589953988
chr20	15674668	25760512	0.49890527753341	7184	0.095028895301956	0.589641995721763	242793	0.234338317174132	4	2	2	-8.5470693115967
chr20	25761031	25930152	0.4504279760879	288	0.0959503804102468	0.656521573063227	2916	0.261028016560639	4	2	2	-6.89179677995273
chr20	25930172	26079767	0.461964342342491	161	0.0983560796322277	0.601731415878475	2183	0.237269327313301	4	2	2	-6.84829911002504
chr20	26079809	26093826	0.178363942781997	81	0.124651714789649	0.829497954075209	288	0.358618794659973	6	5	1	-6.73619020878691
chr20	26096387	26626379	0.498686962181203	271	0.129037210080462	0.627910305329008	8162	0.286583655108222	4	2	2	-6.76258492724316
chr20	26631690	28045573	0.271968201480383	67	0.115948519823275	1.40355641326481	461	1.12184529342024	8	6	2	-6.74762584309474
chr20	28105847	28318793	0.228609852120297	37	0.109450744471956	1.76766867690859	191	0.853401784725401	9	7	2	-6.73751377618396
chr20	28336941	28512575	0.306777999355144	45	0.111118655299439	0.888149984240241	239	0.750477489037469	7	5	2	-6.7614412811914
chr20	28513072	28556042	0.354235640965008	105	0.134813667365089	1.19441644849242	1098	1.36851451240909	11	7	4	-6.73977551849446
chr20	28556085	28743914	0.49653071608094	915	0.0995652002901781	1.22076761031262	4960	0.311398976529358	8	4	4	-6.74478604764082
chr20	28743937	28744690	0.115647651024386	22	0.0709267196978654	1.7211949178884	49	0.344934253816263	9	8	1	-6.73350731745014
chr20	28744820	28898079	0.400409912331051	1099	0.109595951261457	1.23840190657724	5744	0.371163247189821	8	5	3	-6.76418261918687
chr20	28898190	29130142	0.354307712554919	1508	0.106673264213504	1.20873652935446	7978	0.314238679186934	8	5	3	-6.77701072563517
chr20	29130317	29200235	0.210652162622841	48	0.13404831350901	2.89553212694286	91	2.07302948670472	19	15	4	-6.73325971127988
chr20	29204811	29264044	0.335761335468967	231	0.103528073663689	1.295918197339	2347	0.353042968281704	9	6	3	-6.73974538074244
chr20	29264077	29270653	0.499286004627526	251	0.0561346253159541	1.13442971439458	490	0.217628970764821	6	3	3	-6.73414739046964
chr20	29270686	29291415	0.431142259803584	274	0.0691356866021271	1.28397562254021	886	0.370194179874939	7	4	3	-6.73381108313345
chr20	29291477	29291908	0.207204476127093	18	0.0521785834913463	1.70888143462527	32	0.152961408663501	10	8	2	-6.73470648543623
chr20	29291995	29328932	0.498882622159894	493	0.0815330763572635	1.33298305140532	1719	0.364902445659808	8	4	4	-6.73315762578914
chr20	29328943	29650351	0.367448624956173	1365	0.108380270859193	1.21501709358721	11472	0.350823923792748	8	5	3	-6.75431983106645
chr20	29650451	29652706	0.313610957139807	37	0.0936027722825504	1.57775412236308	103	0.525915080413736	16	11	5	-6.73440469540266
chr20	29652828	29874118	0.379550678942224	993	0.121033304040273	1.21767841272832	8649	0.37122024204847	8	5	3	-6.74286167519421
chr20	29874121	29876941	0.323903414181686	78	0.0976355091178032	1.55116583876089	230	0.371642528099052	19	13	6	-6.7420328489194
chr20	29876942	29894214	0.37153838408396	399	0.0981168121672509	1.23796299045035	1245	0.265442064295658	8	5	3	-6.73612985327532
chr20	29896568	30420190	0.496294309999921	896	0.1193525868134	1.23554232850518	11262	0.41684537054547	8	4	4	-6.74678744997603
chr20	30420212	30632561	0.340461603965489	278	0.0988134061744635	1.23211599853984	5856	0.360597164148076	6	4	2	-6.7699900124271
chr20	30632608	30740857	0.23971956309887	70	0.0930058392164943	1.28465860398459	3287	0.374947709817837	8	6	2	-6.74938352863734
chr20	30750083	30838986	0.493199710313611	757	0.085297402045383	1.17589956321586	2360	0.256089098670042	8	4	4	-6.75161635768583
chr20	30838996	30923105	0.491185956266734	288	0.115988321598311	1.28425024707768	3025	0.424034787217106	8	4	4	-6.73710728525876
chr20	30923172	30943700	0.496911746213692	456	0.088698160187176	1.15752822352007	1179	0.247730514985417	6	3	3	-6.73719134133722
chr20	30943983	30969581	0.178454047145472	18	0.0926581319246439	1.22269109519508	908	0.350258256138913	6	5	1	-6.73826020647976
chr20	30975853	31190884	0.311619726570916	529	0.0887994327404553	1.1957723970015	9539	0.249473196263292	7	5	2	-6.76799132996179
chr20	31190893	64331538	0.197121594661764	20779	0.0863813877993342	1.14574025026362	976801	0.363218520474971	7	6	1	-7.03674340270021
chr21	5030521	8466992	0.312240950501625	2733	0.10820593660276	1.16780832659115	20461	0.433427057042318	7	5	2	-6.75908158923274
chr21	8530640	8655691	0.0609205077438147	13	0.106450602484114	1.52187376116311	206	0.968795489877855	15	14	1	-6.75805570915315
chr21	8682722	9141537	0.295514513861278	1212	0.11059377642475	1.19464744813825	7130	0.497375690854626	7	5	2	-6.73455572828052
chr21	9145105	9150107	0.40980835960352	13	0.127909473196215	0.466734300711165	20	0.106703955927258	5	3	2	-6.82818928778
chr21	9150912	10514371	0.366291655906234	3262	0.108921628622732	1.15633145183983	32819	0.426669623436169	8	5	3	-6.84087043929809
chr21	10514657	10808483	0.408348969068859	1548	0.0959495992314193	1.2011446950942	15765	0.245388736214369	7	4	3	-6.7645015029163
chr21	10808552	10814535	0.325562844172636	131	0.0818987380141766	1.07361794556592	441	0.153229571718858	6	4	2	-6.74603680522766
chr21	12966046	13413378	0.335520128890477	278	0.104009930819925	1.18141249559092	9321	0.45843198244808	6	4	2	-6.76231261112819
chr21	13430765	13439493	0.190103098246576	12	0.0859387995769505	1.2426953344272	263	0.441973438064688	11	9	2	-6.73846219088076
chr21	13460470	15030905	0.498890449813416	1612	0.0811439793957516	1.18509010733093	39310	0.394056071839209	8	4	4	-6.82969338540663
chr21	15030925	15031098	0.122326595464071	10	0.151231279833241	1.50509701579776	18	0.315489996526826	17	15	2	-6.73349227875215
chr21	15031123	20142484	0.498921942222097	3870	0.07025328549118	1.15250420379637	143739	0.379827116544754	6	3	3	-7.05540592268241
chr21	20142743	20144938	0.348015848135265	20	0.127224459746916	1.22033411741016	81	0.377055494163674	6	4	2	-6.73750700794545
chr21	20145138	33321312	0.482041424694589	9584	0.0683325465493127	1.13356125256331	367095	0.382709574641411	7	4	3	-7.14958124649271
chr21	33321411	33323746	0.20939748758816	19	0.113966292338892	0.910840176544089	32	0.547982031139355	5	4	1	-6.73306997857253
chr21	33323759	43369304	0.498937032578128	8688	0.0723895502057123	1.05377816943784	273009	0.351633666266933	6	3	3	-6.79897151999458
chr21	43372826	46699658	0.250046231597287	2654	0.103985437346774	1.02760449662074	84747	0.364117939711036	6	5	1	-7.03372508157041
chr22	10557962	10725840	0.433679872311062	453	0.114473103418912	1.30233540474719	3699	0.758233268331446	7	4	3	-6.73530936290003
chr22	10726270	11237533	0.498828494696265	1655	0.102615410547336	1.10964614418475	8880	0.304009269596045	6	3	3	-6.75905341037885
chr22	11237557	11262353	0.220536933339627	30	0.104658700919517	1.66844661480351	127	0.553193975860307	9	7	2	-6.73565039228271
chr22	11266236	12422125	0.494050411237799	2892	0.127940065423059	1.1501739348122	23611	0.557148423241687	6	3	3	-6.76874704524316
chr22	12422165	12629391	0.498806641831248	879	0.104554921817893	1.00772864290153	5737	0.290227609650743	6	3	3	-6.73319624562019
chr22	12629464	12722129	0.390068324887458	393	0.117620229204054	1.28694881137468	1865	0.472657245440595	8	5	3	-6.74057972950036
chr22	12722174	12900852	0.267072710553909	195	0.135810028683789	1.58675052854326	1123	0.997303641501885	11	8	3	-6.73788615227487
chr22	15158909	49880577	0.350992193851087	24671	0.108736747468944	0.83039351708829	860977	0.314128719678311	5	3	2	-6.98463031211983
chr22	49884250	50791289	0.498883594879534	940	0.0806769730104177	1.07765638412418	26259	0.402266156617719	6	3	3	-6.74496893281913
chr22	50791877	50807831	0.296299115318652	24	0.125177091945076	1.17503788598404	307	0.54068760823015	7	5	2	-6.73444263566803
chrX	29938	3277744	0.381213118305832	3856	0.118886947359762	0.892022560576105	74189	0.417729766378894	5	3	2	-6.77831340498504
chrX	3277781	3278039	0.0589580207721605	17	0.0284162857199467	0.515597585746835	22	0.146737308351822	18	17	1	-6.75527764880375
chrX	3354207	9302312	0.0177127911308005	43	0.121418872650255	1.13153407091313	128748	0.601763807158637	7	7	0	-6.75288776903888
chrX	9388915	9414345	0.474839411853825	97	0.114681855800419	1.04814310313306	782	0.499587400632932	6	3	3	-6.76183299300277
chrX	9796175	60986088	0.0171276171313363	590	0.166527457291062	1.1063468591916	1080177	0.57303776628039	7	7	0	-7.10542663075437
chrX	61067377	62514935	0.498633082801925	106	0.128543763370797	1.2115461483316	1032	0.807946131851204	8	4	4	-6.74775391030081
chrX	62514944	119469784	0.0142432116716143	880	0.160078795221263	1.1431186120462	1257534	0.600573694010726	7	7	0	-6.83074564400237
chrX	119469810	120074167	0.499225884070452	40	0.0644632871068129	1.09443495671585	13466	0.53164381142598	6	3	3	-6.74028616595191
chrX	120220154	155672893	0.0153192400922287	408	0.175129108253022	1.13419501599017	772142	0.593247129148744	7	7	0	-6.82941289655156
chrX	155703852	156029560	0.38167008262585	372	0.100313267107774	0.953170569462371	8696	0.342917699294009	5	3	2	-6.7813770148103
chrY	3051189	6540211	0.380934112345281	296	0.120509244650635	0.635892177054742	39357	0.372255520500849	4	2	2	-7.35155279429505
chrY	6615594	7135093	0.492057265294508	12	0.0431448406269773	0.66024667082859	6908	0.41341303151709	4	2	2	-6.75582867503809
chrY	7229409	10244495	0.294008648471972	397	0.132915850010376	0.650845543083366	37816	0.366203854848614	4	3	1	-6.80993793440356
chrY	10624833	10660007	0.277168533847765	89	0.109184706122573	1.05820251490198	559	0.473388031476872	7	5	2	-6.74272728053889
chrY	10660054	10683153	0.304272091513191	289	0.116761170634321	0.850294990586752	972	0.369123556837737	7	5	2	-6.75264104669919
chrY	10683265	10684275	0.499898380286649	25	0.133299787446692	1.74805036832375	66	0.557970339504619	10	5	5	-6.73303351876419
chrY	10686252	10693991	0.362176842566061	90	0.117955052380229	0.764260355161937	478	0.440237235820509	8	5	3	-6.75054855642288
chrY	10744232	10826246	0.4710713982421	269	0.14935823159792	1.0024158747909	3261	0.780829506043467	6	3	3	-6.75546795767395
chrY	10826492	10860902	0.432644049047154	90	0.123588591504485	0.706799191085841	944	0.360336374893927	5	3	2	-6.77296810039316
chrY	10866023	11151129	0.483418362429634	792	0.131988075326912	0.916729577771062	8225	0.454084434221516	6	3	3	-6.75116761298323
chrY	11151642	11272265	0.348376655903292	133	0.119041948144722	0.678999422632235	2154	0.384952268678975	3	2	1	-6.7696119028233
chrY	11272349	11493039	0.326094858350004	1689	0.12145999946199	1.25269214003246	10246	0.572354278889889	9	6	3	-6.75124201996384
chrY	11529126	11689916	0.417060197214327	510	0.122269173639355	0.705323847975747	3675	0.361894293118573	5	3	2	-6.7667158362667
chrY	11689931	11856342	0.403690422011787	200	0.142178441212895	0.868629688973669	3177	0.468574030995136	5	3	2	-6.73325090183915
chrY	12321689	20349081	0.498660698655926	324	0.144393736005382	0.616298791467965	86896	0.35235267193004	4	2	2	-7.14120994601261
chrY	20349164	26644262	0.274152304922113	129	0.135469640950237	0.638388564672153	26663	0.367329334432156	4	3	1	-6.87813398656988
chrY	26644457	26663860	0.345026322488842	252	0.125162101620899	0.699679002573455	950	0.322169253364145	3	2	1	-6.7433999249444
chrY	26663872	26664161	0.480762348085447	20	0.179933693927864	0.340091844998819	32	0.0751334296972028	2	1	1	-6.73993761814978
chrY	26664244	56682038	0.314040379319097	156	0.121444134957736	0.573745330569661	920	0.263139697773007	3	2	1	-8.57938172627112
chrY	56684099	56822999	0.486670914422003	120	0.144608990813468	0.818189012687495	1716	0.479413470066123	4	2	2	-6.7494876037922
chrY	56823162	56887228	0.314270767237794	992	0.0908669823700263	1.10937000007516	5612	0.21189074037688	7	5	2	-6.77807270579162
