chromosome	start.pos	end.pos	Bf	N.BAF	sd.BAF	depth.ratio	N.ratio	sd.ratio	CNt	A	B	LPP
chr1	10109	822441	0.315214952140269	231	0.12532955856292	1.09522677394573	7223	0.493121617699298	6	4	2	-6.75660791937267
chr1	822462	12777697	0.410071796481952	11061	0.08270919313953	1.29334177773805	351317	0.386580207789351	8	5	3	-6.94342182235018
chr1	12777935	12836300	0.200403133213809	81	0.0826844589574511	1.54908059212599	1557	0.831006137904423	10	8	2	-6.73345250521775
chr1	12837072	12839719	0.304579617744417	48	0.0740953837059018	1.85554758102286	122	0.715289395408874	13	9	4	-6.73417981128107
chr1	12839724	13238977	0.303326533773675	831	0.107203040317586	1.3466270995936	5933	0.601404397463505	7	5	2	-6.7598204521199
chr1	13239001	13367750	0.260251500897855	360	0.121763305510585	1.38485792622916	2722	0.633480422878802	8	6	2	-6.73736720161573
chr1	13367975	56581745	0.416178012951156	27997	0.0775439998654031	1.31454299110621	1233312	0.386082345377897	8	5	3	-7.05812622021992
chr1	56588208	58623042	0.492257738717238	1979	0.0597829442615485	1.06221889692414	53197	0.32708034708654	6	3	3	-6.76485652603729
chr1	58630383	58630969	0.239799832829031	12	0.0598130927189529	0.989391352405412	26	0.129495785497206	8	6	2	-6.75250724751194
chr1	58635570	120077869	0.486588859545558	38600	0.0633505667281365	1.08274984467743	1587583	0.330942275310428	6	3	3	-7.86215483163991
chr1	120098901	120332350	0.320390922189974	64	0.0948148100999296	1.08966361106663	3867	0.460480454886198	6	4	2	-6.74735706081379
chr1	120332473	120627415	0.497202020920727	200	0.0780973339355397	1.11794881132624	5297	0.434484507947967	6	3	3	-6.74223070295835
chr1	120637405	120931585	0.215969457331799	73	0.131525756920984	1.14814039763127	3539	0.690603732690148	9	7	2	-6.76407027398844
chr1	120932421	121742586	0.498856918816659	666	0.0967692080052525	1.10248602469339	15989	0.467541501677975	6	3	3	-6.74765861561798
chr1	121743290	123399649	0.382542361857097	2094	0.13724871005086	1.14545211904411	31662	0.494976881096217	7	4	3	-6.80471504350387
chr1	123400279	124919262	0.342998698382808	3219	0.139525057202797	1.14083588611741	53677	0.422843113449284	6	4	2	-6.80276591492306
chr1	124919336	125086507	0.44453471413671	598	0.1034687643808	1.10288805067421	5142	0.325272890797385	7	4	3	-6.75229930152734
chr1	125086543	125087819	0.411548181758437	9	0.0567217869174721	0.83370768468227	80	0.573331768086741	17	10	7	-6.7366171098435
chr1	125087844	248945932	0.324090832471704	60058	0.0961731617600743	1.10914048754958	2560912	0.408364069771613	7	5	2	-8.36553903048962
chr2	30827	71615696	0.471180313450956	45451	0.0986863268439884	1.28218756297338	1706072	0.592057275624755	8	4	4	-7.14179370463102
chr2	71616674	88998043	0.335073193462996	11900	0.103405142098059	1.52342309977583	419378	0.70058184091006	9	6	3	-6.73322525511102
chr2	88998056	89003629	0.499395924461963	135	0.0534113339234943	1.39410941515482	289	0.454060292400633	8	4	4	-6.73311916766408
chr2	89006487	89008363	0.134185771481416	10	0.0231423133387021	1.80095862636724	76	0.677413512703269	15	13	2	-6.73413489171224
chr2	89008425	90075377	0.470223929120566	506	0.131405913817458	1.41870915597352	18846	0.707338835168236	9	5	4	-6.76271678426539
chr2	90075410	90097672	0.261698864610662	50	0.0753056601390599	1.38957719980959	649	0.620327824624241	8	6	2	-6.74749660170155
chr2	90099586	90099683	0.104138095744585	16	0.0110783196680122	0.716676335154346	18	0.147525172328617	19	17	2	-6.74524158544991
chr2	90099709	90227885	0.165249856000983	107	0.115538722677802	1.41234835400269	2860	0.610630906757434	6	5	1	-6.7553165254874
chr2	90228104	91421136	0.311037106702375	793	0.112278602748378	1.38509496940885	6055	0.692063174013729	9	6	3	-6.77042255836219
chr2	91421156	91572980	0.251742424293576	326	0.125617196575578	1.47273374683493	5504	0.630109178598462	8	6	2	-6.7347194049908
chr2	91573246	93898784	0.31586718457941	1707	0.127536242839531	1.39805939544998	19801	0.736865847508087	9	6	3	-6.76363832524083
chr2	93912001	94539676	0.304178044194924	318	0.123238165628719	1.40661387579916	6523	0.485626224279044	9	6	3	-6.77685090140208
chr2	94539810	94569053	0.423608994861147	262	0.103345677100987	1.2932444149526	1239	0.533487379086304	7	4	3	-6.73487310274853
chr2	94573978	95934517	0.49884553764298	315	0.105564059509836	1.60891903769106	32445	0.612230979414451	10	5	5	-6.73895239580164
chr2	95934578	95959961	0.464339875237225	182	0.132640228706777	1.29583164234478	872	0.53533745982225	11	6	5	-6.74331608217346
chr2	95960282	97142281	0.496580168625032	492	0.0857176438290086	1.60741187956333	30524	0.670382722863487	10	5	5	-6.73837979875479
chr2	97142423	132245664	0.334823655299536	20329	0.102545141511527	1.5072604733369	834000	0.680166483461677	9	6	3	-6.73945181627165
chr2	132245707	132265715	0.148461285606781	95	0.100912852538172	1.57681024205893	685	0.76717517731698	7	6	1	-6.73653193129227
chr2	132268707	242183443	0.352801226587851	61408	0.100696244762583	1.45269494411283	2670928	0.65851216286382	9	6	3	-7.09516686892574
chr3	11956	75619163	0.262461187463806	46794	0.109898985174534	0.771999310804947	1752105	0.306418612746936	5	4	1	-9.54004750889245
chr3	75629128	75705921	0.324536301417726	754	0.0915959149325935	0.900441284706986	2873	0.291551153446673	6	4	2	-6.74654564415531
chr3	75706087	86224700	0.269670988624439	6255	0.112468864224211	0.764401562922984	238223	0.316305670074594	4	3	1	-7.54727642103177
chr3	86225101	86628568	0.367888382743944	428	0.0809349999843118	1.40653704631533	10238	0.504164925300062	8	5	3	-6.73895196525098
chr3	86629019	87388761	0.494428278610349	844	0.0691174130294612	1.09109537704434	18710	0.396083629558213	6	3	3	-6.75136933992136
chr3	87388926	90668060	0.476171012388216	1991	0.0909630452103577	0.908560537415213	77481	0.350276761804532	6	3	3	-6.97026471565926
chr3	90668641	90794830	0.272273188382925	87	0.139010365018097	1.14360026033941	976	0.663322424357037	7	5	2	-6.7388640501699
chr3	90795399	90898997	0.354392146835579	226	0.134261693202319	0.933586211419408	1982	0.470671487920966	6	4	2	-6.7497961362231
chr3	90900384	124587923	0.473413665214723	22821	0.0833310770072823	0.925907066348765	785222	0.296829585959279	6	3	3	-8.33122207224653
chr3	124606902	125806195	0.490235063165596	1460	0.0702952426984071	1.09299407120013	33024	0.323211857389271	6	3	3	-6.78040390067066
chr3	125813638	125817408	0.0488960832880132	13	0.117794203418396	1.2229164017793	140	0.494213487444074	19	18	1	-6.74229904390889
chr3	125818828	130017921	0.481887165620631	3288	0.0638613902751156	1.06666082066188	113229	0.32196033866708	6	3	3	-6.83625604088656
chr3	130027318	130027588	0.146516936589247	16	0.0456215866303077	1.12778697849686	23	0.148423906856282	7	6	1	-6.73690719785599
chr3	130028813	130039027	0.441829698554704	27	0.0427322546099031	1.01516227057655	313	0.262497798170577	9	5	4	-6.74997282549714
chr3	130040951	130090026	0.290334749636737	42	0.127503446697964	1.15780554598237	1202	0.494500707997431	7	5	2	-6.73388815852498
chr3	130090288	145928497	0.498955355869882	11014	0.0627958893813322	1.07549612288077	415651	0.326475593485259	6	3	3	-7.00224067041086
chr3	145928769	145932481	0.0251385041468262	10	0.227951846766909	1.05303195560541	94	0.336558162780729	6	6	0	-6.74034205211765
chr3	145932856	154141825	0.498947796286668	5912	0.0604507536809545	1.08320094301262	215281	0.326631611021631	6	3	3	-6.912861123239
chr3	154150823	154433592	0.336001503653285	43	0.0812859614598612	1.40325973670814	7705	0.426478251856246	9	6	3	-6.74013573733271
chr3	154450079	169468505	0.488416932448405	7120	0.0632902932146814	1.08223273330888	382719	0.329357927176386	6	3	3	-7.06053582070493
chr3	169471972	169472680	0.160354612226786	9	0.0913071738693078	1.12427432319576	20	0.140078276989013	6	5	1	-6.7361145644498
chr3	169473398	170673124	0.499059945689742	1298	0.0647576248946936	1.07092006082659	32666	0.318028149791564	6	3	3	-6.75228356864011
chr3	170673170	170673866	0.203842669913574	12	0.0983974623964491	1.21416151842911	27	0.663760417423253	10	8	2	-6.73404997920205
chr3	170674119	195478416	0.480054074123559	17930	0.0670070059318216	1.14978407543383	670985	0.334914887684524	7	4	3	-7.19404110769558
chr3	195478501	195501111	0.31517073170282	163	0.138161064484366	1.31362106419653	1262	0.616104446644556	10	7	3	-6.7425715933216
chr3	195501367	195939871	0.479885277639262	947	0.103385466824985	1.07719054562473	13940	0.323818493555366	6	3	3	-6.76401642899368
chr3	195940845	196007292	0.403711204244535	245	0.1139484496618	1.06130032433237	2313	0.289866070017828	5	3	2	-6.75763891316008
chr3	196007346	196832805	0.498915470179511	1084	0.0661575564671443	1.05890148923667	23390	0.322120510898568	6	3	3	-6.74106334127363
chr3	196833573	196834581	0.213548526086505	9	0.118954940115061	1.35489924784907	30	0.343439213112668	14	11	3	-6.73466128926715
chr3	196834728	197390645	0.483266715570262	535	0.0552033514458219	1.05731153550852	15107	0.307824512487722	6	3	3	-6.79304511742552
chr3	197390722	198187600	0.498719403756654	290	0.12067238364152	1.06220043179882	21811	0.333692943398787	6	3	3	-6.7413042931686
chr4	12333	66180	0.353353049494246	71	0.126953271715207	0.975378674771153	1055	0.362411847190708	6	4	2	-6.74833719934904
chr4	66544	4007488	0.00263634683320624	1674	0.105469026279666	0.872954931063108	92258	0.370828113812272	5	5	0	-6.7486932418362
chr4	4013238	4019280	0.499423323228253	17	0.0651800109199854	0.951353932264957	172	0.308100140958139	6	3	3	-6.73324538273615
chr4	4028450	29635510	0.0017486452045635	9357	0.0549329411155466	0.880285406893815	574617	0.376843439853101	5	5	0	-6.8876447874725
chr4	29646064	29731609	0.00103228744225015	19	0.172937875469574	0.842780714495628	1861	0.364328203609046	5	5	0	-6.73306204974927
chr4	29758496	45012134	-0.00099557492316385	5449	0.035594567594002	0.918209431777902	348487	0.394807413094542	5	5	0	-7.09086934420043
chr4	45012813	45014470	0.349118335086304	93	0.0671127368562805	1.32207829300195	138	0.238067109420327	17	11	6	-6.74559784209618
chr4	45037580	49085339	0.000539626203337862	678	0.0479005663366229	0.920561156275272	91710	0.385149972853765	5	5	0	-6.843709325933
chr4	49091321	49131975	0.386182267363841	936	0.115202132331421	0.96946675672733	9400	0.250701843131419	5	3	2	-6.74868450856987
chr4	49132229	49136957	0.308514705162093	67	0.120000972406734	1.30638324161901	705	0.454977332306388	13	9	4	-6.73679717297077
chr4	49137132	49148746	0.37009886421751	300	0.12338877203192	0.917965425826156	2474	0.263992246786416	8	5	3	-6.74913612668836
chr4	49148830	49972228	0.347484013790663	2223	0.119092170553825	1.01128151957109	17306	0.356657010892651	6	4	2	-6.74160110955053
chr4	50008956	51701539	0.407709751386473	136	0.143259147848456	1.2362849838879	2335	0.595448303304389	7	4	3	-6.75062350473978
chr4	51815341	69257896	-0.00142708818443948	5351	0.0398697662205219	0.992682564776691	394366	0.426363982733287	6	6	0	-6.7666086535876
chr4	69272146	69383676	0.498518567201536	159	0.166006448405921	1.15873776518666	2675	0.658732652770456	6	3	3	-6.73571221593561
chr4	69385329	77685725	0.00175533541441378	2598	0.0392865360315127	0.968481965826956	191295	0.398095225432816	6	6	0	-6.80760648393005
chr4	77685786	77826338	0.497877275948461	9	0.23560613319691	1.0269411877284	3290	0.458006267535221	6	3	3	-6.73311855406407
chr4	77865536	113758526	0.00124628805180332	8617	0.0365147959388139	0.984649073824973	821025	0.415841484330022	6	6	0	-6.85910973594785
chr4	113797095	113924078	0.393641636244895	9	0.177029030889789	0.981571055861289	2853	0.375756525453345	5	3	2	-6.74546160936435
chr4	113940938	131733866	0.0002986851127455	5125	0.043525868084548	0.927112654859962	407161	0.395247701932495	5	5	0	-7.24154184556596
chr4	131734378	131764212	0.498476883078024	51	0.148835368978021	1.01079484992216	302	0.491115143066809	6	3	3	-6.73309510450678
chr4	131764424	143975291	0.00178082503693067	2614	0.0328945469374307	0.871942209213741	278395	0.349320869688563	5	5	0	-6.78382434869824
chr4	144000131	144127840	0.498410319467788	58	0.173732708906471	0.8637736828894	2956	0.331910084654007	6	3	3	-6.75151215689623
chr4	144128759	144807243	0.00280381120383366	99	0.0384273644381493	0.855968167556948	15503	0.344923498201822	5	5	0	-6.73657862337194
chr4	144810037	144814750	0.337223911217402	9	0.159794225316325	0.89099267704089	106	0.345581341007397	6	4	2	-6.73379800246976
chr4	144826906	146217271	-0.00102892282068529	222	0.0196225106772355	0.854659386525927	31964	0.331360419110234	5	5	0	-6.73525073290608
chr4	146286174	146287038	0.247498427191603	17	0.132870182110651	0.668853102869918	64	0.279654917296044	4	3	1	-6.73324357012927
chr4	146405954	159452850	3.86679735630002e-05	2442	0.0429084078246401	0.851791868050571	299367	0.331247680116765	5	5	0	-6.73504455693477
chr4	159452882	165205430	0.00194247241055345	2213	0.0283020932632201	1.1324874668756	131242	0.560059168049	7	7	0	-6.75937972520638
chr4	165213053	165251427	0.222955824484669	31	0.127706745723262	1.21413887188574	949	0.507757128314612	9	7	2	-6.73768934680219
chr4	165254955	174382179	0.000958850120847898	3050	0.0350851030720368	1.15979326404695	208597	0.553912651466936	7	7	0	-6.74250247478498
chr4	174383293	174383679	0.499417575258529	10	0.0712728715727255	1.06042981457647	25	0.184410213021586	6	3	3	-6.7330818494401
chr4	174383835	177967505	-0.00171617474294022	1690	0.0196065519532435	1.17373738590807	82700	0.548750837722696	7	7	0	-6.73841807599258
chr4	177996578	190203350	0.281244345776756	12065	0.0974794116560588	1.17245641855058	305173	0.436425424057798	7	5	2	-6.739499783852
chr5	15890	46888088	0.329401530314381	23607	0.0953182539687803	0.804318682506938	1138562	0.257423769193267	5	3	2	-8.01809193004396
chr5	46900360	47066141	0.414692616945861	88	0.146407762840137	1.16466497592913	631	0.963145021786034	7	4	3	-6.73845256059174
chr5	47066151	47307723	0.396074047414891	297	0.127801649540456	1.00906033135084	2098	0.472044801881261	5	3	2	-6.7533937003301
chr5	49591952	49667340	0.301431966523882	390	0.108252752698542	0.991444462736297	4075	0.26436077272389	7	5	2	-6.76639616929881
chr5	49667359	50143105	0.354480532541507	1054	0.133415574538726	1.18238972159043	12511	0.536200764733431	8	5	3	-6.76569513941144
chr5	50143752	59395548	0.498948386197862	7824	0.0613443760126027	0.945592942656712	242603	0.272554597451378	6	3	3	-7.10267088248037
chr5	59395642	59400347	0.159100356917837	20	0.0961491576994608	1.08883606261172	122	0.417430350291559	6	5	1	-6.73681907326554
chr5	59400580	69454866	0.498936469887717	4981	0.0652952353734737	0.936715258983278	260348	0.2712328159292	6	3	3	-7.23901328361196
chr5	69479979	71363444	0.384340428405861	146	0.120087934440187	0.953629216200002	9800	0.387807326554193	5	3	2	-6.84648229732895
chr5	71407034	82484719	0.498947813987606	7525	0.0615775135813802	0.939616520998423	291199	0.271321930362248	6	3	3	-7.24811613247005
chr5	82501003	82503854	0.173050861208976	9	0.0569775784361221	0.994140751115218	89	0.234998163011967	6	5	1	-6.7405687063191
chr5	82504183	126890465	0.498963552428849	25006	0.0635368161397817	0.94664231500818	1141426	0.275403788005191	6	3	3	-8.13783030556161
chr5	126890541	126892859	0.121417150817716	9	0.124636471387792	1.22712017781412	61	0.497656250005362	8	7	1	-6.73358121086899
chr5	126893252	176010222	0.498964906667405	28143	0.0629743554416687	0.934497839746325	1282390	0.270955685384085	6	3	3	-8.73940033857679
chr5	176010757	176105775	0.498754657689352	81	0.113563529835251	0.904970990652137	2302	0.26098450733484	6	3	3	-6.74443003420757
chr5	176106582	181477761	0.498933634933071	3926	0.0766724757588434	0.94079538257188	138093	0.301183191475821	6	3	3	-6.9399189111001
chr6	110300	390658	0.498883232216697	470	0.0943371607837106	0.946306167497417	7078	0.274724599630319	6	3	3	-6.74457641513511
chr6	391989	955745	0.2996649539234	408	0.0949519642021872	0.942757683925419	13788	0.329037656692743	6	4	2	-6.82530976677017
chr6	958903	26677871	0.498959218647652	18130	0.0662686934811604	1.2334023238557	677593	0.397025536292655	7	4	3	-7.48896370479014
chr6	26833102	26902946	0.252873436251249	13	0.115828620084888	1.26314118477517	1725	0.43804874761223	8	6	2	-6.73448959193449
chr6	26922689	29883138	0.49254009454831	2767	0.0614172686230352	1.26358648244699	79314	0.416951559783207	8	4	4	-6.79197436028764
chr6	29884106	29884279	0.166951152393882	10	0.0610464304170741	1.0915867615092	13	0.280030195258315	6	5	1	-6.73304943385111
chr6	29884303	29887603	0.415485912590129	37	0.0589434502750758	0.783366496667283	114	0.413744413195388	12	7	5	-6.74377659551838
chr6	29887615	29894832	0.192306375315978	37	0.0543463064156252	1.20921150614379	236	0.52960325880624	10	8	2	-6.746787882877
chr6	29894865	29945982	0.324388532892268	216	0.0812347731706873	1.16634710964513	1396	0.495380869342084	6	4	2	-6.74265001519706
chr6	29946029	29976193	0.444667291386162	186	0.0569185532915725	1.23204915421792	961	0.378170606889182	9	5	4	-6.73879539605157
chr6	29976253	29976781	0.218193973820006	26	0.0801642928376085	0.967078552697402	46	0.145584739671165	9	7	2	-6.73764444585921
chr6	29977019	31301776	0.498934071285416	3459	0.0629559345270982	1.23146747912376	38655	0.390434906415271	8	4	4	-6.78094377904069
chr6	31302149	31304075	0.396755071304219	68	0.0555208635218868	0.907780103426233	116	0.216401956776162	5	3	2	-6.73519592575141
chr6	31304093	31329565	0.49917470037741	541	0.0711734430266232	1.19038546433813	1168	0.342274569774329	8	4	4	-6.73531426094448
chr6	31329653	31329884	0.220831508075768	14	0.0558589766709459	1.04579899949592	20	0.158471407017497	9	7	2	-6.73418707916966
chr6	31329885	31335980	0.499380709733679	264	0.0498864835089992	1.25700435507669	410	0.434417555681305	8	4	4	-6.73323277498387
chr6	31335991	31336358	0.308043563530709	14	0.0763740074304669	2.05716750610405	23	0.587875817060529	13	9	4	-6.73304540067776
chr6	31336431	31388180	0.499054409878286	754	0.0597141944816934	1.19690056914013	2091	0.358074914549522	8	4	4	-6.73693384451805
chr6	31388269	31391649	0.359619556891085	21	0.134048338829159	1.16991775967847	108	0.531783623613375	11	7	4	-6.73512395599199
chr6	31446005	31487472	0.122699843024394	13	0.0873017901540545	1.21894977479734	940	0.591685724849699	8	7	1	-6.734248928521
chr6	31487517	32482720	0.479422070759904	1773	0.0676857344861653	1.20886461479831	27499	0.385072386046972	8	4	4	-6.84040189716163
chr6	32482803	32483676	0.271780443473374	38	0.106851740520906	1.4226534185841	58	0.323669155188703	11	8	3	-6.73344186364509
chr6	32483707	32486638	0.487558098247697	87	0.0874365955790718	1.03274143347272	271	0.349448199514284	6	3	3	-6.74515764319056
chr6	32487021	32490230	0.491739889245769	238	0.114378036718071	1.13643983367352	358	0.288284756843162	6	3	3	-6.73644433479009
chr6	32490246	32490556	0.204071557463938	36	0.11971199234459	1.76162080465565	55	0.279875991057415	10	8	2	-6.73372728097074
chr6	32490598	32504959	0.30860188364354	309	0.0976668184305761	1.17059765103142	814	0.411281418991776	10	7	3	-6.74464231731506
chr6	32504983	32511535	0.362727551200536	132	0.126619305294582	1.46889648186886	320	0.638121935967271	11	7	4	-6.73360844186334
chr6	32511541	32517879	0.403245860865207	224	0.120980422267692	1.17636975356734	462	0.486025611146811	5	3	2	-6.73519472819067
chr6	32517928	32518915	0.492618487955706	37	0.14416557568717	1.50548917242491	75	0.428857374808838	8	4	4	-6.73463766778916
chr6	32518923	32520136	0.475381451523893	95	0.116153201339485	1.09958028585548	133	0.286288015978594	17	9	8	-6.7422769481765
chr6	32520149	32521141	0.307922136528486	34	0.106969684345538	1.79135002366995	73	0.287036835575452	13	9	4	-6.73334147070579
chr6	32521266	32523166	0.45481633533262	102	0.106895813340496	0.958241918133749	161	0.372685677388379	11	6	5	-6.73666521237462
chr6	32523194	32524716	0.311676825194904	107	0.111620087383947	1.32198367550741	160	0.212388714478279	13	9	4	-6.73906854435127
chr6	32524733	32528989	0.219850216564555	66	0.121761967337821	1.02825654399332	223	0.337970031112628	9	7	2	-6.73672930379369
chr6	32528999	32530508	0.280296507163364	69	0.103559818347318	1.41234851979275	112	0.280518167694523	7	5	2	-6.73502179090117
chr6	32530531	32535064	0.375553614294596	181	0.10707864702288	1.06193563607763	306	0.288816628048505	8	5	3	-6.7349892497391
chr6	32535095	32536467	0.460728242272318	86	0.0976639398326673	1.4282549258151	137	0.319520955568895	13	7	6	-6.73458470285851
chr6	32536532	32537019	0.48754452097673	32	0.113894971425999	0.765795145278307	52	0.0907129961038758	4	2	2	-6.74072557238693
chr6	32537058	32539216	0.492086030103526	88	0.101813728922352	1.37136397718016	144	0.327598534009597	8	4	4	-6.73665430044556
chr6	32539270	32539862	0.462433050891572	30	0.0256048890805562	1.09082986771525	43	0.133933058765726	13	7	6	-6.74352788124669
chr6	32539915	32542118	0.283269358418877	130	0.102023425291884	0.959084379698869	187	0.23707528755041	7	5	2	-6.73443626630872
chr6	32542158	32543358	0.3965401292112	29	0.0757956157667324	1.6264229107156	67	0.465364893329865	10	6	4	-6.73428527158909
chr6	32543403	32550562	0.498739313990227	212	0.126644704689805	1.19691831790528	475	0.449313632550017	8	4	4	-6.73341909165135
chr6	32550592	32551021	0.326943231691238	15	0.0905726753707183	2.38988700497259	36	0.5051467325724	15	10	5	-6.73601863844694
chr6	32551088	32554163	0.369860057987684	151	0.120087084295396	1.13164436616616	265	0.290067464944888	8	5	3	-6.73484387731524
chr6	32554211	32554624	0.496284407492878	35	0.0960146347388439	0.619074494205804	44	0.133819116815835	4	2	2	-6.73404184884798
chr6	32554657	32582792	0.30661042464079	578	0.111940039014334	1.24334335282963	1544	0.516256470817551	10	7	3	-6.74118696608266
chr6	32582804	32583733	0.498424192708569	35	0.165348559771434	1.99700484683667	64	0.436292401120847	12	6	6	-6.73308517676284
chr6	32584171	32585831	0.499080551605015	98	0.0960916926797622	0.985299600027146	156	0.267134477198636	6	3	3	-6.73309842063547
chr6	32585832	32586517	0.396104205862333	40	0.103954329222513	1.45765823965412	67	0.337235564362134	10	6	4	-6.7339542270638
chr6	32586541	32587245	0.313316499428199	69	0.0809753311976839	0.85403755670418	90	0.0828401737203784	6	4	2	-6.77134220193506
chr6	32587263	32590264	0.498721170108102	159	0.124066055132512	1.37496913948289	241	0.380871314209343	8	4	4	-6.73309595876982
chr6	32590294	32590554	0.148969726083122	25	0.0670163412907628	1.19939268872983	31	0.186849315403259	13	11	2	-6.73785601008194
chr6	32591169	32601350	0.464555996946921	282	0.0567679414564594	1.22503350789088	562	0.454020071524891	13	7	6	-6.74491181723318
chr6	32601380	32601615	0.242185916643302	15	0.0341701624227922	1.81954508967535	22	0.222116954684782	17	13	4	-6.75794168704229
chr6	32601633	32624916	0.496915383048281	735	0.0598875391702279	1.21072716919705	1303	0.381541849051455	8	4	4	-6.73584737086393
chr6	32625503	32626321	0.133605260344346	9	0.0659345213913858	1.04779737687986	29	0.46124651733503	15	13	2	-6.73485112459803
chr6	32626375	32626693	0.299328458302018	19	0.0435449623112715	1.61617269572656	25	0.35617529860075	10	7	3	-6.73317579273393
chr6	32626758	32628354	0.499476298555983	48	0.0469482465552221	1.4060042800441	87	0.385138158278701	8	4	4	-6.73311297075227
chr6	32628400	32631648	0.499561216320135	100	0.0421544969862246	0.981604665295231	180	0.183048932615964	6	3	3	-6.73316663254144
chr6	32631708	32632053	0.170824106782049	11	0.0867703342686365	0.873608640692809	21	0.32080781964107	6	5	1	-6.73445310569049
chr6	32632119	32632946	0.499384965868141	27	0.0574005519296057	0.897725341311861	49	0.157533251538004	6	3	3	-6.73340843753841
chr6	32632953	32633992	0.49967377712293	48	0.0285889724189526	1.61276992040881	68	0.328292524044157	10	5	5	-6.73312199996834
chr6	32634218	32634492	0.269937268235271	9	0.104236643162459	1.15103848533614	15	0.0760102123464497	11	8	3	-6.74006482738901
chr6	32634529	32664526	0.158109445806799	744	0.0520357870562227	1.20344829676607	1293	0.445470340118943	6	5	1	-6.75178898136642
chr6	32664538	32665102	0.348148200658496	24	0.0892165172853197	0.999195498717155	41	0.3325532104865	20	13	7	-6.73784934660693
chr6	32665180	32666988	0.499361166581319	92	0.0458694058051271	1.49128537841486	145	0.367515300591121	8	4	4	-6.73321913975409
chr6	32667113	32750719	0.476286035199723	174	0.055936450423206	1.20523682544714	2095	0.408584641148117	8	4	4	-6.84312706624878
chr6	32751220	32751282	0.23044476009196	9	0.0704972418688214	1.19241900226912	10	0.0444142119396734	13	10	3	-6.74013884583735
chr6	32751291	32776368	0.355483692846055	70	0.0719338262733107	1.26231719178308	760	0.360307329619131	11	7	4	-6.75828381238143
chr6	32776386	32777880	0.285816220048383	61	0.0851455552202843	1.12007266641432	106	0.257699263352527	7	5	2	-6.73307498085213
chr6	32778159	43738144	0.482117807214537	7676	0.0660154988031289	1.21541367711475	295867	0.392312867028826	7	4	3	-7.1290873204618
chr6	43738269	43742159	0.498025416223606	9	0.167634108833627	1.11520154284738	117	0.38744428195295	6	3	3	-6.73324583413588
chr6	43743320	51221517	0.492595391506505	5213	0.064312417580142	1.23159984724847	195163	0.400023661316631	8	4	4	-6.98867129975019
chr6	51227132	51227426	0.0780347606960012	11	0.0544434652560884	1.15439181977812	19	0.158497661723856	13	12	1	-6.73621069043259
chr6	51227857	57311141	0.498938039639886	3342	0.0637729295826016	1.23924908483402	158289	0.396203864149162	8	4	4	-6.91495510245635
chr6	57311200	59780790	0.437406083272041	259	0.128773252530091	1.2302590268745	31787	0.437219019811783	7	4	3	-6.74615028000526
chr6	59828833	60237312	0.456296427364882	67	0.0728067863050344	1.20006102183168	288	0.591563628370327	9	5	4	-6.78885520843706
chr6	60237352	69518333	0.3249663131624	5422	0.09625205656177	1.14409739532398	223450	0.430570427886164	7	5	2	-6.87014159225655
chr6	69519322	69519384	0.154763431213078	45	0.00942096308529789	0.791158341442757	46	0.117011473899591	13	11	2	-6.74156020334095
chr6	69519385	170743606	0.319765102451067	60869	0.0948216856221336	1.11252062199385	2485538	0.405985153937403	7	5	2	-8.03566349704034
chr7	20860	1842834	0.498918479857523	2652	0.0884478960750277	1.20553543016037	51758	0.42101429120087	8	4	4	-6.81687353334988
chr7	1843278	1845585	0.175722163357588	9	0.0950194424549231	1.25688674856883	72	0.241539714104799	11	9	2	-6.73918082752788
chr7	1845779	5982291	0.498931856931408	3825	0.0724282074543337	1.21876404685575	112418	0.417246557096745	8	4	4	-6.89047276118037
chr7	5982547	6745156	0.498883835450959	556	0.0719234458053627	1.22481757878777	21068	0.426634725301663	8	4	4	-6.75895343764972
chr7	6745392	6809325	0.310061156721513	38	0.128269744334048	1.24544784647499	963	0.721785883500133	10	7	3	-6.74369229252919
chr7	6811730	6860533	0.158943990166754	119	0.077106095415016	1.20350850481512	1379	0.388578560193614	6	5	1	-6.74455308712314
chr7	6860558	6872017	0.0409761998179345	9	0.123371165368754	1.25486678276063	312	0.383750020349913	17	16	1	-6.77763008047147
chr7	6877789	18729165	0.482138516743919	10494	0.0640011721240624	1.2508681553881	305686	0.425548553081747	8	4	4	-7.02328010455182
chr7	18732408	18732944	0.37085021074874	9	0.161370691267033	1.25954250835884	24	0.443493705329249	8	5	3	-6.73343532109125
chr7	18734012	35927605	0.498951931092952	12612	0.0665835223569256	1.24230382346864	447666	0.414489869761219	8	4	4	-7.15917240994128
chr7	35928362	35928665	0.238485190497323	18	0.0658133625703053	1.03464375081274	26	0.167098036631655	17	13	4	-6.74125942057706
chr7	35932051	45609204	0.49894449834633	6039	0.0663565883546299	1.23890003899811	252226	0.412094967181875	8	4	4	-6.99837068575239
chr7	45610725	45611031	0.498433651552951	26	0.137034032830703	0.848347408242811	55	0.354806617789094	6	3	3	-6.73315592538531
chr7	45618397	56813006	0.49894978797886	10439	0.065202265191141	1.23202444905177	290806	0.417616799142705	8	4	4	-7.06611792036488
chr7	56813834	57022988	0.408077810840396	349	0.104959916708882	1.21353814097794	4547	0.489478888274665	7	4	3	-6.7560890947819
chr7	57026465	57487245	0.475605265430074	930	0.0670834767578316	1.20952584369257	11947	0.423723785921825	8	4	4	-6.83130439362543
chr7	57487487	57856174	0.498689024115802	271	0.131948147385514	1.21104313227855	9031	0.425725488736889	8	4	4	-6.7485771164942
chr7	57856245	58062871	0.23311677558501	133	0.111491983084408	1.24019420395233	6072	0.423533114044814	8	6	2	-6.75222735000988
chr7	58062911	60078679	0.383417671148931	425	0.109957792729847	1.21102561590723	3039	0.450626122279567	8	5	3	-6.81139756533551
chr7	60102508	61049371	0.358625561625018	704	0.113110744834946	1.17600735855872	5710	0.420851351457542	8	5	3	-6.80970300434649
chr7	61050243	61050710	0.338440742163266	42	0.0762630884027744	0.752361137566995	58	0.0805422863538594	6	4	2	-6.73963386971514
chr7	61051012	62300724	0.496319033432049	641	0.116775644780594	1.14374945318304	13512	0.400165809940586	6	3	3	-6.79782230534768
chr7	62300725	62301776	0.368129390624883	51	0.0815678473756063	1.57971407012067	104	0.417553563328938	19	12	7	-6.73487052398336
chr7	62301799	62309086	0.450493279103562	98	0.10772117657648	0.985366069164396	317	0.365792453032923	9	5	4	-6.74114898258267
chr7	62309099	62344786	0.405253823683123	165	0.0844227671992672	1.14793739542085	1315	0.323213412435113	5	3	2	-6.75419732625954
chr7	62345084	62444754	0.337375535144243	215	0.113502034350853	1.14544846752509	3104	0.330791931842096	6	4	2	-6.74154618297021
chr7	62444773	62507622	0.498944122079781	122	0.114200908254468	1.10073506510277	512	0.36661719844171	6	3	3	-6.73484853436932
chr7	62528153	62860296	0.423309390953053	37	0.102193208932649	1.1527474460314	7890	0.447864787988295	7	4	3	-6.73543246072994
chr7	62869215	63495515	0.443446574620195	125	0.105685504239946	1.14655838645458	11784	0.440620612362344	7	4	3	-6.74712645266139
chr7	63495908	63640417	0.498719590627545	171	0.109516381290188	1.25433991243378	1769	0.645305535209129	8	4	4	-6.73436745713738
chr7	63642348	65797463	0.312876654764326	2568	0.101982846569306	1.16363737446181	50241	0.479516505865981	7	5	2	-6.7773646694017
chr7	65797520	65820277	0.358805671711428	427	0.0700462699131998	1.24537217095719	1066	0.374362989193224	11	7	4	-6.75168657263076
chr7	65820368	100958906	0.32577284550677	19239	0.0981717078074429	1.16187718138988	850227	0.450630189682421	7	5	2	-6.87549642721037
chr7	100959436	100965060	0.472777674837681	113	0.0353787882766517	1.07436150341855	265	0.223051465177393	17	9	8	-6.80059327500322
chr7	100965104	100996259	0.49898077970563	109	0.102107443427979	1.22085812067735	882	0.410609543300978	8	4	4	-6.73430515740283
chr7	100996442	142472363	0.31463293944152	18650	0.096999971049177	1.17902964851721	1009458	0.453116658225142	7	5	2	-6.79032778421135
chr7	142472453	142473840	0.4469114150259	90	0.0556587605679918	0.922047356376829	121	0.169965675111928	9	5	4	-6.74149422561741
chr7	142474955	142475374	0.16545162124756	23	0.0664576895921672	1.38163265219676	33	0.183688244621481	6	5	1	-6.73393092557143
chr7	142475432	142487268	0.317423714022303	77	0.122565576628035	1.14033392702688	501	0.39221122985243	6	4	2	-6.74372990559841
chr7	142487272	142505018	0.4988777563189	194	0.10403777311183	1.14197901390933	748	0.359641100643262	6	3	3	-6.73421027445737
chr7	142505195	142505527	0.269820534087001	22	0.094184584358248	1.90542602266555	31	0.306884991241772	11	8	3	-6.73360217408915
chr7	142505583	142506222	0.471254612169648	23	0.053986383878426	0.829561099917237	41	0.15778855487259	15	8	7	-6.75660606555246
chr7	142506543	142521581	0.323330244902746	207	0.118016937205156	1.19323043077169	603	0.360157869623778	6	4	2	-6.73911891637919
chr7	142521588	159335108	0.285852523905069	12345	0.103613302970059	1.21873726839239	417824	0.470241334493442	7	5	2	-6.76627811429991
chr8	75802	7369878	0.26943419810543	12628	0.114084914168614	0.636256444827215	165845	0.248158450377104	4	3	1	-7.02228537294598
chr8	7370111	12048806	0.282364131464996	3598	0.114756231216105	0.626462803919867	96948	0.229546658595333	4	3	1	-7.09415231800773
chr8	12117616	12150968	0.431247676489401	79	0.106901007391744	0.327552401062432	689	0.16722157148837	2	1	1	-6.97230655770569
chr8	12151661	45187816	0.265503612212921	24348	0.11054695155381	0.635786219333535	741374	0.23450427834892	4	3	1	-7.94609038653874
chr8	45204790	57125518	0.498935142033183	8039	0.0714109078785008	0.87722592716191	277462	0.289378725519739	5	3	2	-7.80904784591576
chr8	57129205	57215488	0.284857792074773	43	0.0674687163468581	0.850614960481566	2171	0.277299220175747	7	5	2	-6.80666815814126
chr8	57215498	130460897	0.498961513039884	49675	0.0706306942166715	0.90783778584233	1809970	0.299425207003135	5	3	2	-9.45436613408912
chr8	130505402	131203930	0.373806430420253	787	0.0890224168653427	0.781331955188508	17226	0.251752250135442	5	3	2	-6.82763519372555
chr8	131204322	142502138	0.498936262711739	9161	0.0754266719742803	0.89767820678673	282479	0.296097368952516	6	3	3	-7.74196660972532
chr8	142502178	142503271	0.121699693276401	9	0.0609897532377366	1.02449028594804	38	0.310551747096143	8	7	1	-6.73531947943768
chr8	142516210	144683457	0.479155623340687	1703	0.0830408977870578	0.889400985505901	57455	0.294423579100748	6	3	3	-7.02780547236095
chr8	144686892	144695200	0.498200747823275	18	0.17189710404508	0.914249498403549	250	0.332474557265538	6	3	3	-6.73360445748349
chr8	144695218	145074901	0.181431406118206	497	0.0777724529086442	0.890267407644775	10100	0.31443732017621	5	4	1	-6.77267774011397
chr9	10452	141846	0.339802169187046	152	0.113833341264669	1.21835912446999	2910	0.46185396233757	6	4	2	-6.74703853535656
chr9	177632	28188814	0.498963767934462	25476	0.0612583297267419	1.12173046816619	737339	0.34579901346672	7	4	3	-7.84557942714406
chr9	28189309	28189493	0.0882085162611864	12	0.0696412343023263	1.95682059177764	42	1.05051168108794	11	10	1	-6.73393208217774
chr9	28189677	34181084	0.498943232205215	6999	0.0637759515615064	1.10745262275177	158771	0.340436557907204	6	3	3	-6.95162486473437
chr9	34181526	34183649	0.070929563121614	9	0.195666240771825	0.983876059238063	66	0.412678355310434	13	12	1	-6.73844819022905
chr9	34187163	38779888	0.486189601393961	3105	0.0658440747796123	1.12259321843401	124480	0.34075652191923	6	3	3	-6.98353704521444
chr9	38784166	39494487	0.498802224996772	867	0.107164055536019	1.08145723056094	11053	0.402939696872661	6	3	3	-6.74308606408361
chr9	39495218	39498958	0.0709533844987709	15	0.0591413158299275	0.831364659616358	64	0.270946428767579	14	13	1	-6.76649077333506
chr9	39499988	42233515	0.326424040093448	3474	0.10861968117721	1.09076780311265	42620	0.442273010062139	6	4	2	-6.77659733726089
chr9	42233595	42999853	0.498889734961055	1511	0.0893076753003082	1.10267327930291	16087	0.425040223736772	6	3	3	-6.74983196558101
chr9	43000153	43498061	0.49880926849892	712	0.108165209621654	1.1087950626994	8216	0.416860436094186	6	3	3	-6.745991538916
chr9	43498132	61194086	0.498637190099213	427	0.147719996141562	1.15014072062826	6287	0.584898119693326	7	4	3	-6.89447845224912
chr9	61197554	63434734	0.323686412020532	1193	0.106392858566571	1.08989538941107	20960	0.437412283196862	6	4	2	-6.77164433112235
chr9	63434822	63723964	0.18764296468641	271	0.0922932841209818	1.13814228040847	4960	0.412640053889284	6	5	1	-6.77680089424605
chr9	63724056	63724105	0.130515022541712	10	0.037701900924666	0.461645688769963	11	0.0286873427902209	8	7	1	-6.78701307307187
chr9	63724168	68414722	0.34557446454279	3601	0.112141518552597	1.07944902563947	55202	0.44343278425955	6	4	2	-6.79101695814718
chr9	68456509	94308488	0.498942831335968	18127	0.0735129972422014	1.00662472850373	662038	0.317401221508871	6	3	3	-6.74848386074831
chr9	94315915	94402467	0.20662639052097	30	0.105388411323918	1.00455516954393	2059	0.318746259648416	5	4	1	-6.75018359851921
chr9	94417344	129423826	0.498946634265782	24567	0.0744457827645528	1.00352508447179	904994	0.314294049682512	6	3	3	-6.76928240173362
chr9	129424600	129424919	0.148956960956544	25	0.0528689259710592	1.26378065586874	36	0.16663458738895	20	17	3	-6.73996340160361
chr9	129425065	129431289	0.282387268032395	129	0.0728418996523377	0.902321845313337	325	0.225546221565953	7	5	2	-6.73976845207845
chr9	129431423	129433611	0.220747592413751	83	0.0735400962315572	1.13755797789017	134	0.225651635465018	9	7	2	-6.73548617960139
chr9	129433626	129435016	0.199456286605587	87	0.0646950343839266	0.711226759365344	123	0.0828549826749828	5	4	1	-6.73679187322954
chr9	129435130	129436738	0.260041079954318	75	0.0864598787336105	1.12327414186451	120	0.26640530806511	8	6	2	-6.7415919084653
chr9	129436766	129446015	0.271135766586603	166	0.0608339983559303	0.960635692214116	447	0.298538359890182	11	8	3	-6.7606771109965
chr9	129446033	138228081	0.496747439178604	7013	0.0842447047558409	0.983272216659833	237539	0.315473173589428	6	3	3	-6.79263259023327
chr9	138232129	138269719	0.122414412680799	12	0.121175179976859	1.24389122872251	141	0.599794822061202	8	7	1	-6.73376686737426
chr10	10374	1867576	0.498863261806178	1536	0.0990286389319715	0.988788388128383	47691	0.328014812982407	6	3	3	-6.74114185739805
chr10	1867843	1867898	0.0898808710762673	9	0.0439898978301963	0.716328916020372	10	0.0468074068212856	11	10	1	-6.74710170688824
chr10	1868432	16258880	0.498934295796458	13132	0.0771309442326666	0.98693478676741	373104	0.313640730539992	6	3	3	-6.80981603800475
chr10	16260470	16282674	0.131231536795209	10	0.017486502731472	1.04006655012006	560	0.337283585833276	8	7	1	-6.81648698587139
chr10	16282829	26569931	0.498932335221347	9369	0.0736908211122941	1.00607289441686	267343	0.314744501551725	6	3	3	-6.74006861437471
chr10	26570904	26585327	0.21796142910455	118	0.109860955409079	1.08230771472938	538	0.316303264343746	9	7	2	-6.74408895779978
chr10	26585529	26624968	0.499159477528097	59	0.0898607663827317	1.0569343904412	1144	0.302233715872685	6	3	3	-6.73347175423521
chr10	26624996	26625491	0.289748016909385	37	0.0467925586342908	0.614606531102688	49	0.127915206953935	7	5	2	-6.74532232253271
chr10	26625544	26652130	0.21942949578421	233	0.0936123465266671	1.08775134793226	1010	0.321314645526323	9	7	2	-6.75115769339617
chr10	26652321	28420621	0.498904074535902	1566	0.0750353956493562	1.0454130163763	46574	0.318630263885389	6	3	3	-6.74123382288553
chr10	28427248	30332626	0.358636890584569	1370	0.0739936817179589	1.00552582238171	55435	0.248477643998017	6	4	2	-6.8046612196747
chr10	30333720	37125267	0.49893715090083	5428	0.0665686781156576	1.03679030824703	177663	0.323030195223965	6	3	3	-6.74804942792347
chr10	37145962	37147983	0.131075496692734	28	0.0202058192676054	1.49181841975392	90	0.352858375568002	15	13	2	-6.74327646675217
chr10	37152272	38788356	0.498955670065658	1853	0.0894690023435811	1.04406777296417	42988	0.341884345994977	6	3	3	-6.73901700918142
chr10	38788780	38788854	0.00609804515497181	10	0	0.759301086652923	12	0.0316064818821978	1	1	0	-Inf
chr10	38788864	38860574	0.447249646298778	277	0.0849737155478887	1.02944575837662	1857	0.318439784649867	7	4	3	-6.77039121226346
chr10	38879747	38879968	-0.00055792922142972	21	0	0.800865478531895	25	0.190213415229666	1	1	0	-Inf
chr10	38883996	38902482	0.357820696091299	103	0.102141842675411	1.15318561403882	398	0.430123574407597	11	7	4	-6.7487671146575
chr10	38902730	38904264	0.0614687380626364	27	0.108261764656825	0.935233527431577	44	0.2556845225133	15	14	1	-6.74845408631163
chr10	38904274	38968707	0.361988107909529	650	0.106957862751689	1.02494706119552	2732	0.237561782755886	6	4	2	-6.77583245537348
chr10	38968739	39450624	0.490482915239279	603	0.0658588249636688	1.03712463047239	12363	0.338853472233526	6	3	3	-6.74652588949497
chr10	39452197	39691731	0.498795372734797	214	0.110332347522135	1.05472172170043	3351	0.348331946689142	6	3	3	-6.73469472384664
chr10	39845044	41702527	0.321669455983598	550	0.131320154384268	1.02850882249125	4733	0.454656578438766	6	4	2	-6.73847433564262
chr10	41704946	41832591	0.499349338461017	107	0.0542568491345649	1.04283638759122	3290	0.331372359388979	6	3	3	-6.73356419555375
chr10	41834396	42102357	0.371871861412493	1448	0.0951830371550028	0.97779904121774	17504	0.2053587695707	6	4	2	-6.83561894540067
chr10	42102391	42103908	0.354705357775159	10	0.0789278151224269	1.33606769789826	83	0.421729492930208	14	9	5	-6.73528852024194
chr10	42104112	42172918	0.487208504396107	408	0.094578726447648	1.00894552522485	2638	0.307730603888365	6	3	3	-6.74401052744589
chr10	42172970	42284450	0.339097635339805	234	0.11164352788786	1.06986138088763	3003	0.317755526983075	6	4	2	-6.73634696698329
chr10	42286107	45674522	0.498928445974071	3414	0.0667253375374589	1.04937841567854	90107	0.325918859217697	6	3	3	-6.75224054472277
chr10	45675283	47493495	0.498891711838733	1273	0.0913805955962095	1.05310134624775	40947	0.381240883139186	6	3	3	-6.74237488974553
chr10	47498298	47575470	0.249544164551973	21	0.141154643328986	1.05182750128854	1517	0.411957561559238	8	6	2	-6.75055214965302
chr10	47577195	79700217	0.480165424658397	22909	0.0682059743199906	1.04860589916555	824237	0.333597797299682	6	3	3	-6.94398335191037
chr10	79700487	82524547	0.494478195646437	1682	0.0789127304245672	1.0453644581184	71010	0.335798399674271	6	3	3	-6.74753338197598
chr10	82526935	133786710	0.253330570258058	30856	0.0995037694100424	1.01097286980097	1245021	0.378972064027861	6	4	2	-7.1046969733192
chr11	70643	53372725	0.369540055594721	39819	0.0947826985927225	0.917688658806456	1244614	0.322830862859799	5	3	2	-8.30008975070455
chr11	53432295	54388591	0.421081456649002	264	0.130387445894072	0.842767506771975	2140	0.395513930856055	5	3	2	-6.74877819041979
chr11	54388633	56375785	0.49871308793617	393	0.127204045750659	0.971490724731747	41445	0.347834782389007	6	3	3	-6.75343905656544
chr11	56375881	56701691	0.499202517439683	289	0.0592818454675432	0.923480493103553	7919	0.329933990867168	6	3	3	-6.74971155248903
chr11	56701697	56703226	0.404688750535774	124	0.0572399918471925	1.09643894506549	160	0.194304180156014	5	3	2	-6.73866741589016
chr11	56703240	56705029	0.476747555821163	153	0.0623162810624071	0.835537573708542	196	0.168770644298012	15	8	7	-6.7949779330917
chr11	56705121	56705292	0.294091576455457	17	0.0732668370530945	1.25266506032029	20	0.0696028394762591	10	7	3	-6.73886192441287
chr11	56705314	56706757	0.458710637178339	114	0.0482483234338232	0.934716440941472	151	0.182315345997844	11	6	5	-6.74988236879704
chr11	56706764	135074712	0.4989402396484	47235	0.0904005946108889	0.919921527740442	1855136	0.371348767965947	6	3	3	-9.01269114306718
chr12	10700	39034	0.248774553790997	108	0.0996458682807298	0.848128113984993	547	0.26877669555696	4	3	1	-6.74492067144412
chr12	39111	67352	0.499037674039487	162	0.0793425625753595	1.04225593307647	957	0.183919456265435	6	3	3	-6.7334259016627
chr12	68602	11065624	0.320554930491213	9844	0.0978849930104519	0.920367762810424	276450	0.31166339084368	6	4	2	-7.35086804692918
chr12	11065703	11075134	0.392629081867036	362	0.0967908427938367	1.01466115460637	600	0.261831055054987	5	3	2	-6.73918878573394
chr12	11075135	11075843	0.110162542990548	15	0.127644297431051	0.95706735971367	31	0.351057517573917	9	8	1	-6.73381108799417
chr12	11075941	11077866	0.499054180531934	44	0.0813569510759351	1.33375735380818	108	0.38985435714114	8	4	4	-6.73311282782143
chr12	11077897	11126904	0.354888432497347	531	0.0962854243418791	0.988170197686919	1822	0.474473511474138	6	4	2	-6.76305584723289
chr12	11127197	11129197	0.185748538777313	34	0.0821823328269343	0.983735883471053	87	0.27118996193768	11	9	2	-6.74105948460827
chr12	11129198	11129782	0.499533228156602	32	0.053869980493658	0.722746022068575	45	0.144281588457006	4	2	2	-6.73314408940405
chr12	11129839	35475214	0.321509632931169	17403	0.0948010924966417	0.930320888628763	587457	0.317703218125614	6	4	2	-7.70981334888709
chr12	35512427	51498791	0.323528998046109	10672	0.098424324380729	0.928464285872789	361447	0.314792870087998	6	4	2	-7.44683417256865
chr12	51498802	51498843	0.000679443956714598	11	0	1.47846690181853	12	0.124884279768646	1	1	0	-Inf
chr12	51533328	128977633	0.323378245570268	49248	0.0938342556627598	0.937300949189002	1929104	0.316559169816064	6	4	2	-8.85315010650009
chr12	128977798	133264810	0.196184034413899	5142	0.102038142844291	0.795542898982411	106552	0.299475813923212	5	4	1	-6.84560421706069
chr13	16000272	16098580	0.366944678974994	210	0.112859460408066	1.20177467853472	1134	0.729075789205988	8	5	3	-6.73769500083346
chr13	16098861	16225254	0.331292756008171	430	0.119102826233399	0.87692862041089	3382	0.308199480203697	6	4	2	-6.75062488311876
chr13	16227189	17693049	0.418059635261557	2674	0.138993097936952	1.03655243388626	27791	0.543198917367127	7	4	3	-6.79017483807578
chr13	17704349	18564680	0.407420766045144	873	0.123248963134937	0.911667009531983	12950	0.358985223233323	5	3	2	-6.75661784875592
chr13	18565001	22964751	0.193532497422579	2988	0.103388067120003	0.890031980587234	105214	0.346608172988366	5	4	1	-6.78816403731177
chr13	22964782	22967542	0.315021527752773	106	0.0838944101683911	0.997669821203332	184	0.241571433317079	13	9	4	-6.75535814973276
chr13	22967673	22968144	0.363428379232796	38	0.0618409146097663	0.5185571336899	48	0.0579855080941451	8	5	3	-6.83059564028172
chr13	22968259	25067205	0.196178608168556	2025	0.0979217344972837	0.899629168954732	50859	0.34048396967704	5	4	1	-6.77274033850218
chr13	25096659	25097318	0.477030963198785	35	0.0325917451011678	1.08861259374889	54	0.198096173588024	19	10	9	-6.75117435165518
chr13	25097327	35303316	0.190268251703088	7851	0.0972112015069402	0.894602776461249	244492	0.338724947433969	5	4	1	-6.8927016676309
chr13	35304359	114352755	0.312666952620736	58226	0.0973008696789946	1.01956906888715	1914382	0.375928988184523	6	4	2	-6.7625796992585
chr14	16024591	16102887	0.496441544281516	399	0.102247572408345	1.11054906655707	1150	0.545857715330798	6	3	3	-6.73498429603767
chr14	16102902	16103601	0.406561479065637	57	0.0980567485686203	0.886755059687347	117	0.0729743191306287	5	3	2	-6.73587843804554
chr14	16103655	16403718	0.498903906634846	204	0.101765757455614	1.18426149808466	1273	0.317502028892646	8	4	4	-6.76554784633389
chr14	18224769	19800752	0.498731925981351	655	0.133292301294303	0.871348129999267	15954	0.411062550256248	6	3	3	-6.86345803040608
chr14	19800873	47665863	0.498933560056871	18069	0.085514245006721	0.899250782463654	641024	0.389415077911066	5	3	2	-7.81196276897601
chr14	47666093	47666304	0.0814663248743536	9	0.0376135318439757	0.880047490743632	13	0.0996616069378569	12	11	1	-6.74343498553166
chr14	47666479	48441411	0.476162542129417	637	0.0795754137454186	0.885591640899172	17691	0.39190979318025	6	3	3	-6.84357309416588
chr14	48441783	60524662	0.329533421460401	8256	0.0924388197062556	1.18239979607391	300771	0.439517171843342	7	5	2	-6.86529673639085
chr14	60524749	60954414	0.198430940993606	315	0.0955180988534291	1.02292532079314	10440	0.382993304836155	5	4	1	-6.79493023425184
chr14	60958084	72503879	0.325802276242192	6267	0.0941351285600003	1.17564587963594	287611	0.433036847452159	7	5	2	-6.84285726734967
chr14	72504254	72879392	0.317114346631234	357	0.0885695108771109	0.64733098944655	9611	0.181968156399903	4	3	1	-7.07352739434605
chr14	72881422	73190486	0.325394292465974	203	0.0942242380859181	0.870502114788022	8062	0.311793348818672	6	4	2	-6.78293024503056
chr14	73191429	73695674	0.44039725854351	328	0.0738815684363883	0.866205533835039	12749	0.257561264028864	5	3	2	-6.90948047980474
chr14	73727719	73907131	0.0239001688613701	9	0.154333333333333	0.760765644524843	4698	0.207697251053697	5	5	0	-6.77619187277375
chr14	73910752	74781043	0.499126719074666	455	0.066581656898785	0.696453438873095	23150	0.195807411486388	4	2	2	-6.7431308745046
chr14	74781966	76335893	0.480763041755623	786	0.0756165486738711	0.858469240884714	40151	0.268658183671502	6	3	3	-7.12034147645762
chr14	76336178	78463743	0.496676292204443	1344	0.0735287336934217	1.06174065693936	56103	0.335591353591003	6	3	3	-6.75544729497112
chr14	78465824	78908211	0.499205759671073	230	0.0688209829977633	0.841123417498606	11061	0.313450234919091	6	3	3	-6.82869810212675
chr14	78909002	81998099	0.498892809919026	1817	0.0765482782173972	1.07351214796448	78382	0.355385341417736	6	3	3	-6.77618133070191
chr14	82000206	83285039	0.498866126363195	725	0.0800347826842916	0.894078452943906	31830	0.326806252000505	6	3	3	-6.85012847148511
chr14	83286069	86474448	0.49889714062267	1786	0.0770887489944751	1.09138713236215	79893	0.364594560066686	6	3	3	-6.80454789864184
chr14	86474603	106832265	0.498900552869686	10033	0.0951026843341118	0.839298639535834	492222	0.299154429213395	5	3	2	-7.33264453925589
chr15	17024642	17090540	0.405256605998852	267	0.105828933795515	1.03076263117694	2427	0.298317022083023	5	3	2	-6.75153377551312
chr15	17090851	17103399	0.238831377015667	18	0.109003267924868	0.788368120740357	37	0.591030574200387	4	3	1	-6.7398140329641
chr15	17107441	18971566	0.320020577238611	77	0.140056246634924	1.12670589050373	1025	0.731240949602634	6	4	2	-6.76042902193442
chr15	19043576	22365104	0.364786610605679	2348	0.122493622768305	1.07525110517603	32808	0.527149539047445	6	4	2	-6.7947059981316
chr15	22368873	28529809	0.330928183004933	5356	0.104798073710094	1.00805325718693	143505	0.372128239836427	6	4	2	-6.7353069901011
chr15	28543042	28685742	0.192545101553057	71	0.141842652358763	1.25873683864573	1326	0.816760082156308	10	8	2	-6.74601033149792
chr15	28685820	34404488	0.349075603306719	3856	0.0997144178916654	1.02998264439936	127655	0.426500572376236	6	4	2	-6.75110770136399
chr15	34404555	45024646	0.328803732967905	4967	0.0973956635447309	1.0217060174751	261032	0.364857947233853	6	4	2	-6.73546680808327
chr15	45024777	45066105	0.240250487472823	178	0.0772095440103228	0.986157130462145	1182	0.3474475278688	8	6	2	-6.7633095611155
chr15	45066648	74741059	0.326758176555999	18957	0.0939292060888976	1.01301746609627	737683	0.355033429834492	6	4	2	-6.7378604687033
chr15	74741568	101980992	0.333199324191584	20502	0.0964094612511223	1.02164956776388	671365	0.362970640669359	6	4	2	-6.73591700338579
chr16	16513	34156287	0.31837116070886	26316	0.10005396448404	1.01975748647329	800706	0.375971473434489	6	4	2	-6.74769604003058
chr16	34161729	34185973	0.495017944488014	379	0.082492802975495	1.08282605363315	1115	0.279341919302017	6	3	3	-6.73595670706462
chr16	34186101	34213632	0.32424402012841	139	0.0916055357723045	0.991945733576709	1109	0.311974942210471	6	4	2	-6.73903433872711
chr16	34236235	34767155	0.403389065895087	364	0.0974474718529552	1.07740121357119	10588	0.401054185130346	7	4	3	-6.79110290143206
chr16	34767166	34907843	0.271339580890745	80	0.110589529999768	1.33684784031582	3034	0.492034984567414	7	5	2	-6.74813031639939
chr16	34910185	36201878	0.352493352961663	438	0.112848177100421	1.32787429616457	32426	0.412664226803464	8	5	3	-6.75875035797636
chr16	36204097	36329387	0.265034060266772	64	0.0999271113330365	1.37338437053597	1881	0.405434576169226	8	6	2	-6.74665755474749
chr16	36331977	36787992	0.379020680185792	99	0.123705323284264	1.2570201070745	688	0.49094423486445	8	5	3	-6.74013284402018
chr16	36901615	38129874	0.341633620570584	87	0.103232938356004	1.13674521187923	1069	0.572300011569899	6	4	2	-6.76478708007906
chr16	38172420	38207723	0.137926868158343	16	0.0556332858997201	1.70394503000946	55	0.495034071541073	14	12	2	-6.7471901876551
chr16	38210564	55761324	0.425582948802752	5944	0.0752343741564031	1.04923117710348	244256	0.355031522436575	6	3	3	-7.35075598219133
chr16	55761560	55831347	0.282500443075895	41	0.0773060279099859	1.08144323333903	1286	0.437279493636373	7	5	2	-6.73593751123964
chr16	55831937	69934989	0.490399841908268	8787	0.0755049862494414	1.07245096580218	361863	0.354284183984076	6	3	3	-6.92872521429499
chr16	69936097	78551701	0.498929861642158	9283	0.0762427079203263	1.06682674125197	223552	0.358787971903655	6	3	3	-6.82462573414496
chr16	78553231	78845620	0.497230090368325	316	0.0838296632896577	0.763774296481142	7048	0.283337804655339	4	2	2	-6.76467182719727
chr16	78855100	85152302	0.498928749893959	7443	0.0729197273325097	1.01682757890147	163488	0.341698047403421	6	3	3	-6.73315949635357
chr16	85155120	85163372	0.146027866044746	11	0.022454398232863	1.02206361187402	231	0.350838577085089	7	6	1	-6.74586157403888
chr16	85167176	90149543	0.498916655734175	5335	0.0865477995923257	1.00583746068816	132894	0.342877788150042	6	3	3	-6.73607363121193
chr17	117165	317035	0.496328259091024	398	0.128771636530115	1.02159327354616	5631	0.33672355500557	6	3	3	-6.73354155842132
chr17	317393	2284716	0.48579069167624	2026	0.0831677702837258	1.02568066485043	53809	0.328028094457968	6	3	3	-6.75133503186413
chr17	2290688	2304372	0.147848034436305	9	0.0669832068506726	0.986191390711488	365	0.389519568120162	7	6	1	-6.73820334030671
chr17	2330686	18423349	0.484271479683202	13105	0.0671123360799746	1.04374560046981	429486	0.326587889033773	6	3	3	-6.82741313179563
chr17	18423656	18690514	0.498663484245653	116	0.118281781818017	1.05513861892758	6545	0.356682059725271	6	3	3	-6.73483606743834
chr17	18690755	21305037	0.49892723905414	1875	0.0720851133353328	1.05037526537486	64680	0.331658717716473	6	3	3	-6.74823648977602
chr17	21305548	21650907	0.498879341670202	1044	0.0947019343827724	1.06875779389889	10476	0.311719564691177	6	3	3	-6.73841970398665
chr17	21652577	21654272	0.338483780231087	31	0.0987509303073097	1.32153430052588	78	0.561699290759827	9	6	3	-6.73472758426156
chr17	21654292	21667793	0.412296655231631	269	0.0847842953667197	1.11845774587296	806	0.193571498188637	7	4	3	-6.75580391911639
chr17	21667861	21677249	0.499389733522802	141	0.054338254449849	1.07904824378342	414	0.222244705575902	6	3	3	-6.73350891150578
chr17	21677271	21684032	0.260221432693994	50	0.135598296298972	0.960195398717554	231	0.34497594648239	8	6	2	-6.74048904433007
chr17	21684147	21856178	0.478711597035922	1059	0.0981125762528361	1.01374207670536	5634	0.281229284293794	6	3	3	-6.76115690626131
chr17	21856181	21861979	0.454183306486514	105	0.0832975348016333	1.09046632151961	439	0.204804107221764	9	5	4	-6.75053864898369
chr17	21862858	21864127	0.00880708716683243	19	0.0692835516289096	0.735413841915459	51	0.232060166302435	4	4	0	-6.7428032894408
chr17	21864555	21872331	0.494168858858693	50	0.086887832923857	0.963093205255033	283	0.322059639854463	6	3	3	-6.735862982297
chr17	21876282	21878402	0.011447397666146	52	0.0596264136151364	0.73455018380308	150	0.235443248884291	4	4	0	-6.75521186390385
chr17	21881476	21894889	0.264451601400583	22	0.105861432340314	1.13262806184699	238	0.469366113371404	8	6	2	-6.74537050634941
chr17	21894895	21895399	0.498102421235152	31	0.0735837318392989	1.76351276899833	60	0.58776729200256	10	5	5	-6.7334301030664
chr17	21896211	21896435	0.300796923640681	41	0.05057054960948	0.931418132341277	45	0.129741175912941	10	7	3	-6.73603707827117
chr17	21896490	21909789	0.1052740484972	49	0.128532421331481	0.786933131120118	101	0.288497172627153	8	7	1	-6.7753552681579
chr17	21910078	21910269	0.445480974472273	17	0.0277557625177399	1.33723011672985	22	0.26401308507517	9	5	4	-6.7338947945874
chr17	21910285	21921137	0.302749834137527	16	0.0973644142727037	2.06883493755225	43	0.614589255916805	10	7	3	-6.73419473466818
chr17	21921374	21921533	0.499787021010168	22	0.0413213832047853	0.753806867628524	25	0.0586559744044316	4	2	2	-6.73335868586397
chr17	21935600	21988445	0.498614153102432	103	0.115607696713112	0.912614281831886	727	0.322114297681223	6	3	3	-6.73668056531094
chr17	21988745	22148965	0.304338580365108	700	0.0826493530586025	1.10848610451297	3960	0.302620791862486	7	5	2	-6.76815751942228
chr17	22149028	22823962	0.496319089372845	223	0.092416498280588	1.04786265418914	14680	0.337423317457172	6	3	3	-6.73721473372003
chr17	22824966	25074734	0.49858279073624	121	0.133891036965192	0.945357071777917	2056	0.439230845147285	6	3	3	-6.76993834508922
chr17	25242922	26711916	0.498639917512548	170	0.136757471283899	0.877390223890531	4101	0.350853482735527	6	3	3	-6.884750620904
chr17	26715115	26715303	0.0290796900097207	11	0.0038588740703616	0.68008593228621	16	0.137537873571852	20	19	1	-12.533447209315
chr17	26717503	26814440	0.388957638823518	736	0.109408800865796	1.08658470720594	4352	0.328415950607462	8	5	3	-6.76905745603256
chr17	26817213	26817796	0.186690178030385	20	0.0508294102598921	0.945094056499356	42	0.0875963050573369	11	9	2	-6.75949386987062
chr17	26817811	26818744	0.499310222140412	83	0.062006085413201	1.12566442557107	115	0.132350693333788	6	3	3	-6.73343501094449
chr17	26819809	26863066	0.425563208836132	202	0.10711277488939	0.986258686405869	2073	0.268276639537088	7	4	3	-6.74576403021487
chr17	26866359	26866880	-0.00055792922142972	21	0	0.154351488379887	38	0.0844565086255502	1	1	0	-Inf
chr17	26866906	26867176	0.00264105778608847	15	0.00645497224367903	0.280320791389963	23	0.160823916181053	2	2	0	-6.83205319514565
chr17	26867191	27008338	0.474063607882515	582	0.109006746088423	1.02342597058142	4573	0.274494909766144	6	3	3	-6.76685476258138
chr17	27008494	31925382	0.498930078550336	2767	0.0658463707574276	1.03600742695546	130879	0.320552496861465	6	3	3	-6.74329736373089
chr17	31962140	32083429	0.169777948893886	18	0.126838595907416	1.03999150761549	3175	0.321919703307672	6	5	1	-6.73374995635364
chr17	32083466	36154379	0.498932613266253	2947	0.0663328823679369	1.0312509900961	107061	0.320003673751228	6	3	3	-6.73797640474567
chr17	36155739	36463409	0.41858222199721	215	0.107998922934087	1.01230418199172	5136	0.341789484381664	7	4	3	-6.77760450744675
chr17	36467352	59707167	0.486390174562965	10909	0.0692427454207825	1.01815653348726	599114	0.314846231014548	6	3	3	-6.7563959042987
chr17	59710070	59784433	0.286462473707239	42	0.0930537447891266	1.00300578116588	1843	0.33492041260502	7	5	2	-6.74423989257471
chr17	59784634	65138311	0.479523230494425	1891	0.0718870194435376	1.0201238687337	140049	0.310634657503109	6	3	3	-6.78169061879243
chr17	65138536	65139045	0.0892934653238566	9	0.132340260104189	0.970571222644907	23	0.370800725276546	11	10	1	-6.73406497708099
chr17	65139057	80313791	0.49895162129097	12335	0.0668252581400736	1.02147027676476	407070	0.31507261555998	6	3	3	-6.73515909704795
chr17	80313809	80315845	0.192087215453473	10	0.15996388481293	0.929516927693891	76	0.470512997191699	5	4	1	-6.73454485351447
chr17	80316385	83122535	0.498922577542809	2901	0.0824501668014484	0.991412588218319	77125	0.307179642737129	6	3	3	-6.74445865078964
chr17	83127676	83135650	0.142421057415642	17	0.0973561533146996	0.942381701183109	252	0.237777656216078	7	6	1	-6.7375184319221
chr17	83151013	83243083	0.498849025291619	80	0.119011687012535	1.04326836631647	2139	0.396458730957974	6	3	3	-6.73331913290088
chr18	10659	15467947	0.339778804729184	14060	0.100053962583338	0.776907649701576	372270	0.275361260960273	5	3	2	-7.74497714981248
chr18	15467970	18493534	0.447994643153504	358	0.137183513962639	0.707165509998064	3571	0.385980354536357	4	2	2	-6.83984713927414
chr18	18519094	66232921	0.368794276365325	31713	0.0977535005891374	0.789393228438346	1077960	0.286076704072442	5	3	2	-8.17319047559947
chr18	66235013	80261792	0.200029274599668	13223	0.10994664470903	0.649397176968167	325857	0.251169576922216	4	3	1	-7.0898329314618
chr19	60887	24169784	0.332043452068341	16358	0.0994804116968955	1.09057637071617	624156	0.411933217806551	6	4	2	-7.12538051161679
chr19	24170300	24314525	-0.000977128459613494	187	0.0644984957071023	1.43022103680593	3786	0.504596473952465	8	8	0	-6.73414196750828
chr19	24320013	24367762	0.499139979630431	212	0.0982414406810281	1.16887199189277	1546	0.334890348895665	6	3	3	-6.73803886255008
chr19	24367778	24908226	0.295953839364993	442	0.0896133736420782	1.14155222009734	3225	0.280073258715576	7	5	2	-6.74692873105693
chr19	27241144	27249263	0.495986369702063	27	0.153093569511071	1.04546707862072	268	0.249073345174074	6	3	3	-6.73350307957336
chr19	27249285	27339078	0.499289185150594	90	0.0686281563586951	1.31519262732923	2566	0.479322893643528	8	4	4	-6.7333092703702
chr19	27339082	27399512	0.304226565149578	950	0.0889645172635043	1.10331753365579	3075	0.259556986001188	7	5	2	-6.76171932347981
chr19	27400193	29511776	0.486002344711525	1787	0.0672590490644081	1.30252477058989	55145	0.448958525992849	8	4	4	-6.76893095214341
chr19	29512371	29514543	0.236127879946105	12	0.0871486017551561	1.31623089481265	99	0.435646441386124	13	10	3	-6.73711810577854
chr19	29514954	31116050	0.48580670386391	1102	0.0675795411150988	1.30275629196212	42588	0.448816030813318	8	4	4	-6.7669221277846
chr19	31118919	31286759	0.353070097346103	58	0.0933415188485587	1.02794405680557	4048	0.335838434289141	6	4	2	-6.75984372490274
chr19	31287503	32589058	0.498910542613796	765	0.0662390264371739	1.31514691631195	34352	0.450202672405991	8	4	4	-6.7367337891562
chr19	32590011	32592616	0.49786048378459	9	0.188218475300499	1.35465092996413	76	0.327307129761914	8	4	4	-6.733107258408
chr19	32592840	39881403	0.498941115431812	6357	0.0695611143758984	1.31050403935371	201062	0.44529399003801	8	4	4	-6.75835464715101
chr19	39881435	39899069	0.397691699839494	77	0.104645056420356	1.37009918136034	514	0.844315926727416	10	6	4	-6.73399201644437
chr19	39899292	39899396	0.177846025375689	13	0.0480471189669645	1.72140418170151	16	0.455709954356935	17	14	3	-6.73360104462093
chr19	39899404	41102610	0.458959934174965	721	0.0738775258081966	1.29647350380016	33390	0.425598515483434	9	5	4	-6.85943251534998
chr19	41103190	41103597	0.145297349000353	17	0.0510067037116634	1.24995284045519	43	0.513272810356837	7	6	1	-6.73440520136812
chr19	41103998	41359738	0.498864587614817	279	0.0748381846006429	1.26150207352624	7335	0.408364439585659	8	4	4	-6.73793046329301
chr19	41360368	43278963	0.334775298727591	986	0.0949632935498644	1.01023894299554	48945	0.349220408310805	6	4	2	-6.73355552339431
chr19	43279843	43679366	0.483571631828637	508	0.0765554379197877	1.30704278614979	11377	0.43124693764568	8	4	4	-6.7622512795346
chr19	43679386	43679624	0.204971199501746	11	0.107162747937213	1.96398982769034	16	0.191461299396684	10	8	2	-6.73440544145693
chr19	43680810	44709425	0.475076607090871	1002	0.0649320006049629	1.30625769966532	27937	0.425985777664529	8	4	4	-6.82483153742494
chr19	44709472	44709578	0.113881160966449	9	0.0964258494618764	1.16956287361668	12	0.201761034770134	9	8	1	-6.73363490652005
chr19	44713260	46288215	0.498916144057103	1260	0.066857379904557	1.29068052554328	45102	0.429275558987599	8	4	4	-6.74552783487853
chr19	46296578	49584917	0.323493187564804	2137	0.0996881820053871	0.990367074829172	85690	0.344844224145666	6	4	2	-6.75030138314575
chr19	49585271	52911800	0.498926594294629	2876	0.074881359492168	1.3124715185371	92012	0.449774053225816	8	4	4	-6.74346950459538
chr19	52915963	52932141	0.205267283869661	14	0.0787236437667369	1.42413414106411	476	0.566911410012446	10	8	2	-6.73662733407557
chr19	52938251	53919782	0.498911360775765	1144	0.0716000004298062	1.2885707709463	27211	0.437580153512099	8	4	4	-6.74107719664962
chr19	53920350	53923413	0.162244586575449	21	0.125288315116622	1.40540233711146	130	1.32752383006101	6	5	1	-6.7338863701656
chr19	53923820	54239871	0.476255794039633	331	0.093884946954615	1.29414834194374	8961	0.434987029754153	8	4	4	-6.77332273195001
chr19	54240670	54883323	0.298439354613821	1218	0.107156618279483	1.00502740375298	17826	0.362778787835874	6	4	2	-6.79638027727227
chr19	54886523	58606915	0.33013168329894	2805	0.100800565082409	1.0097197451871	94935	0.361533159751615	6	4	2	-6.73445294561717
chr20	60601	15625204	0.3312979039891	11823	0.0947954540697114	0.869249533436999	386856	0.286630997176844	5	3	2	-7.10629956498423
chr20	15627033	25760512	0.498919329619374	7220	0.0847465965255159	0.59601649750386	235746	0.214747210944636	4	2	2	-8.37224899801076
chr20	25761031	25771639	0.499545747994259	20	0.0397720809243448	0.778808644986283	171	0.418971807204492	4	2	2	-6.73380727228637
chr20	25771676	26079478	0.496725097115629	429	0.0848709705349494	0.627171242345754	4776	0.217603410747546	4	2	2	-6.75735657950486
chr20	26079568	26082345	0.227201031426978	57	0.111647954142297	0.925665660169407	133	0.366717105108088	9	7	2	-6.73730986517514
chr20	26082445	28045607	0.43661481639816	384	0.131034678738882	0.618302805419789	8436	0.264879654944173	4	2	2	-7.00879648105066
chr20	28105847	28318793	0.228063542358936	32	0.107424823676539	0.907297985311539	115	0.946164608491332	4	3	1	-6.77005531750403
chr20	28336941	28508062	0.317135080889285	31	0.104148529173639	0.545743634168301	143	0.184787908856955	3	2	1	-6.76260535382845
chr20	28510915	28556042	0.35911854944781	137	0.14015379479626	1.16487215592531	1319	0.459297751496292	8	5	3	-6.74367484761131
chr20	28556085	28577297	0.489675893245212	333	0.0768932546767495	1.17489166836778	1154	0.266812115974091	8	4	4	-6.74748538103212
chr20	28577330	28584800	0.479126512308007	58	0.113937220696896	1.10632800128144	284	0.244508325840787	6	3	3	-6.75363479613651
chr20	28589593	28600258	0.316610955526569	15	0.0785922569795706	1.27472147180997	319	0.335597612031372	13	9	4	-6.75770190475173
chr20	28600892	28628593	0.439113548297155	303	0.0738609708113939	1.21368914841445	1330	0.272649551332651	7	4	3	-6.74534532212034
chr20	28629090	28831881	0.340472447270816	866	0.104353634594158	1.14097621015964	4686	0.30584461747329	6	4	2	-6.75307649554218
chr20	28831912	28869273	0.35138403758038	172	0.106737621111967	1.21701345802426	773	0.306657796491626	6	4	2	-6.7578371688439
chr20	28870691	29264021	0.343513439738511	2022	0.0983258014848435	1.11843924842607	10774	0.294476875596661	6	4	2	-6.76409066554196
chr20	29264044	29267277	0.49923792800941	138	0.0553255184393694	1.10267102654115	238	0.157517758817222	6	3	3	-6.73365825162051
chr20	29267326	29270881	0.37810511663808	116	0.0706670058241039	0.959488162275374	218	0.177771598215809	8	5	3	-6.74224004480965
chr20	29270958	29277856	0.292739625267647	26	0.0935944524983267	1.29574456276563	200	0.358467048835039	7	5	2	-6.73665970835115
chr20	29277934	29290556	0.36704414352917	218	0.0575007857208655	1.07866179268911	551	0.300374617491551	8	5	3	-6.74887546059907
chr20	29290581	29290758	0.15515169219758	9	0.0408282309737324	0.743012186392575	14	0.145057245236508	13	11	2	-6.73959888501733
chr20	29290877	29650321	0.354194903621334	1897	0.0931607138443649	1.13082911037325	12373	0.309150259222301	6	4	2	-6.78838454695476
chr20	29650334	29739165	0.418172092389277	341	0.109785547773438	1.19813598631916	3245	0.328070229918502	7	4	3	-6.73845823234375
chr20	29741958	29746692	0.170608312142574	37	0.0842596801186291	0.975322282111531	174	0.25751475687806	6	5	1	-6.73441649955634
chr20	29746741	29759090	0.0908156966051358	12	0.0581807528311554	1.13624711381489	392	0.36016993715705	11	10	1	-6.74699384874502
chr20	29761253	29826411	0.420473597273313	339	0.106390420753839	1.10297924869009	2281	0.347001275576803	7	4	3	-6.73822068794949
chr20	29826917	29876941	0.499113728138132	378	0.114063095948116	1.19170402406749	2140	0.322964820347492	8	4	4	-6.73784260471689
chr20	29876942	29894156	0.340623419173024	401	0.0835747836601472	1.07133293036272	1153	0.208604102081457	6	4	2	-6.73824090587572
chr20	29894204	29954176	0.172301736771657	36	0.118495207859703	1.1622885253022	744	0.408315150752153	6	5	1	-6.73824751340429
chr20	29955499	30200611	0.24217364280822	294	0.117392647901948	1.12049349416248	2624	0.422346828700176	8	6	2	-6.76546962974028
chr20	30201388	30220214	0.494220398171423	111	0.0938111700520552	1.22167445598098	739	0.32221571639829	8	4	4	-6.73648398084514
chr20	30220270	30424893	0.486413484138411	525	0.112381305598641	1.15562171421565	6677	0.315828569114449	6	3	3	-6.761899118451
chr20	30424954	30750083	0.273514947746887	278	0.0986787267073773	1.18388414368035	8293	0.343757422010947	7	5	2	-6.74219213100581
chr20	30812014	30881600	0.416750927371053	1022	0.0865141025156292	1.15133299451582	3464	0.278893338948351	7	4	3	-6.74468709155015
chr20	30894112	30922988	0.235176746663373	20	0.0603328268855355	1.18785749188966	852	0.322276111955846	9	7	2	-6.77096530761388
chr20	30923054	30938137	0.495436335961474	305	0.0830944693262694	1.11154425055145	813	0.245946589665394	6	3	3	-6.73602797572134
chr20	30938181	30940151	0.435971221910017	56	0.0562593224598054	1.41614176494237	120	0.22057716435337	16	9	7	-6.74370323670551
chr20	30940157	30943078	0.447105733095935	89	0.0537874106690032	1.09346999634988	186	0.120052019263587	9	5	4	-6.74792847165129
chr20	30943143	30944269	0.31770458345922	18	0.112210935820209	1.47279015070083	49	0.270426260272367	16	11	5	-6.73775880927117
chr20	30945758	31185820	0.299352751559688	493	0.0825829229596777	1.06471997993936	9503	0.231087060148853	7	5	2	-6.78066570628525
chr20	31186251	64331538	0.208350676264458	20855	0.0772235237221593	1.15006523124296	925316	0.333868664110374	7	6	1	-7.30220353038754
chr21	5030521	5272775	0.498889713699771	368	0.0965651792277956	1.04651287844022	3345	0.32433925529867	6	3	3	-6.73426042887085
chr21	5272818	5273547	0.351044116135285	29	0.0757746041916029	0.788903331400593	49	0.124319282549432	6	4	2	-6.76745080669781
chr21	5281895	5285275	0.0295511958465987	16	0.0276808447607125	1.11376196740136	52	0.526760618899065	20	19	1	-7.05283762953433
chr21	5289724	5306348	0.293175333154267	90	0.10170837850039	1.08754473426215	575	0.318160452898879	7	5	2	-6.73699943756713
chr21	5306624	5337094	0.412191778207225	355	0.0908300253156751	1.04881998731343	1287	0.319091107724674	5	3	2	-6.75198547371545
chr21	5337175	7236409	0.320866575248043	349	0.111938810014071	1.09620048306844	3514	0.518472987921471	6	4	2	-6.76437535900996
chr21	7236437	7261814	0.433412450004977	519	0.0826304891217349	1.04038493931161	1812	0.22877229903262	7	4	3	-6.74008860763432
chr21	7262514	7322815	0.49865715824933	142	0.146202889118973	1.10526845290177	1693	0.446582939757806	6	3	3	-6.73434476529917
chr21	7322862	7926977	0.499311705164785	150	0.0592502235716338	1.01156904400002	1037	0.243253952178314	6	3	3	-6.7332694748175
chr21	7927032	8405369	0.336111372326973	737	0.0939726359840289	1.02429708898162	5467	0.299726817659442	6	4	2	-6.73372956870646
chr21	8420860	8885729	0.419145087817224	376	0.118666901944145	1.20179520363904	3447	0.541411914098624	7	4	3	-6.7369759032193
chr21	8886068	9095842	0.257575125692685	812	0.103361810936833	1.02007662071347	3251	0.31495745079033	7	5	2	-6.8059131663339
chr21	9095893	10169571	0.416762643228842	1801	0.121868160683743	1.09273956751838	21259	0.385675076650859	7	4	3	-6.76767871685294
chr21	10270242	10270402	0.0339560745870482	11	0.128959119667647	0.567102855226662	18	0.066572605211948	3	3	0	-6.77460181944976
chr21	10271621	10566694	0.343789495799067	1681	0.0951185126690214	0.906320322086345	10230	0.194471910663043	6	4	2	-6.80150561331589
chr21	10567002	10814535	0.411186397377768	1565	0.0967709939024158	1.08842422283136	12201	0.208771344233765	7	4	3	-6.77743717448851
chr21	12966046	13413328	0.410274475347023	278	0.100659948215076	0.994860638843323	8370	0.346640916603513	5	3	2	-6.79631614722329
chr21	13413378	13470110	0.116784675294914	15	0.0807435682238766	0.986007604145359	1405	0.290310767272638	8	7	1	-6.77989427202908
chr21	13487561	15030905	0.498951284265688	1610	0.0800687368258013	1.01943379365378	34945	0.331445380352086	6	3	3	-6.73319199739511
chr21	15030925	15031005	0.135185753923213	9	0.106603236348621	1.06797405141105	12	0.17607608548235	15	13	2	-6.73437479029936
chr21	15031098	43572450	0.486375393896134	22203	0.070483689483287	1.02220027536876	723014	0.325368549617198	6	3	3	-6.76001539870441
chr21	43582112	46699658	0.264358312090131	2651	0.0931427461842126	0.998603572818574	81054	0.319664072655869	6	4	2	-7.05115608588684
chr22	10557962	10772546	0.369588204238164	1093	0.105771683562748	0.938128173923966	5585	0.361475817171022	5	3	2	-6.7924316782259
chr22	10772598	10843754	0.473871627026006	225	0.0926955554061978	0.855791173930596	697	0.169569356112078	6	3	3	-6.82409688241318
chr22	10851791	11017509	0.368840084994706	164	0.107669345055737	1.17600468480382	1736	0.302914327271804	8	5	3	-6.7568109451144
chr22	11017829	11152723	0.383257092958698	621	0.0963028215164515	0.869707023959425	2813	0.17687316592904	5	3	2	-6.7528765974898
chr22	11152756	11237635	0.0361477337928888	17	0.0236587255387446	1.33627579160785	182	0.836162230416594	20	19	1	-6.9944109313172
chr22	11257744	11257918	0.344511216054455	10	0.0670270260583164	0.514457260011237	13	0.130851158348047	3	2	1	-6.7496710519502
chr22	11261412	11975512	0.325931500367442	1339	0.125327577109249	1.14193536650069	14418	0.500244180903009	6	4	2	-6.7581242304943
chr22	11975668	12370107	0.357362980885169	1398	0.119200263257972	1.08599174905102	7105	0.671817536246977	6	4	2	-6.75959072056706
chr22	12370118	12370430	0.304549263631201	26	0.114687079280301	0.7084645411751	33	0.0938396036443101	10	7	3	-6.75009766984625
chr22	12370503	12422125	0.335144023887329	217	0.100972106627413	1.18786526683181	1759	0.571139890186231	6	4	2	-6.73551961675876
chr22	12422165	12705382	0.498808145088544	1148	0.102657964936931	1.03996368863133	6905	0.265818772709313	6	3	3	-6.73433779071283
chr22	12705412	12900852	0.322580356026284	343	0.129563153301393	1.42922810188916	1910	0.989478507002313	9	6	3	-6.73766450862426
chr22	15158909	15984883	0.488199226424902	333	0.125061971685329	0.796062165897322	10136	0.400957829145747	4	2	2	-6.8170263433064
chr22	15984990	15999894	0.499481964161679	12	0.0507175034038068	1.20330234083849	81	0.811212918078102	8	4	4	-6.7332854143633
chr22	16005801	16279283	0.404168664895051	765	0.0947745336038477	0.768075042362135	7239	0.273984317270529	5	3	2	-6.75517021577482
chr22	16315840	49825155	0.498922763116252	23607	0.094017313013702	0.746195762582643	800113	0.260022182196191	4	2	2	-8.68303745774681
chr22	49840005	50807831	0.452103452039819	964	0.0817037976743659	0.995906520588201	26935	0.328293373341891	6	3	3	-6.93475305445195
chrX	29938	1075028	0.00142181688898713	1812	0.0993955626477055	0.586969257679792	20489	0.252572825748901	3	3	0	-6.92974324606195
chrX	1085829	1092916	0.496849875278198	34	0.0937770757098916	0.548563762398037	193	0.233164147543986	4	2	2	-6.73720604571911
chrX	1095293	3278039	0.000225541559045056	1912	0.0970752823029437	0.695925079216587	47041	0.44864142005566	4	4	0	-6.73754995290387
chrX	3333357	9302312	0.0148796058438739	57	0.0687082340667509	1.12837912800026	127952	0.580007429919544	7	7	0	-6.78749586311084
chrX	9388915	9414345	0.423836768980165	97	0.0997479641766603	1.12367059573367	779	0.445855005530074	7	4	3	-6.73460625129236
chrX	9522115	60986088	0.0178264122541218	759	0.148902031554276	1.13209221446136	1071137	0.556068392647018	7	7	0	-6.95166361294468
chrX	61067377	62514955	0.498716263068448	112	0.137009647472882	1.04455799803657	1026	0.422372944417957	6	3	3	-6.73662944589652
chrX	62611249	74355131	0.0149818086479178	175	0.1537409268152	1.14109731737105	252283	0.56462193275629	7	7	0	-6.77173582115627
chrX	74583034	74881676	0.449652856502599	35	0.102696321520206	1.15386447523351	6756	0.537106129141802	7	4	3	-6.75868159801844
chrX	74957409	118295679	0.024924119317419	729	0.146829600408427	1.13611549550436	938063	0.573439170640779	7	7	0	-6.89387220065949
chrX	118298345	119568220	0.498771906386493	79	0.147354640690661	1.12124644413193	28856	0.515359285675606	6	3	3	-6.76041190032867
chrX	119673841	155510196	0.0173424576958803	481	0.173607536583206	1.12942133968101	765309	0.56674552106149	7	7	0	-6.89582565388852
chrX	155641620	155984375	-0.000678582081372003	275	0.048522922431848	0.69651194312019	7983	0.383305538275211	4	4	0	-6.73418252522103
chrX	155984475	155986731	0.446964061892071	38	0.108112185556108	0.629996894598568	95	0.137022257287498	7	4	3	-6.77907549854595
chrX	155986941	156007627	0.00193125497863667	34	0.0096039207679805	0.595158178580439	534	0.203615213246247	4	4	0	-6.76225402111097
chrX	156009119	156029560	0.498241659461522	20	0.156084963367628	0.9505905222516	316	0.534364515582165	6	3	3	-6.73330020274026
chrY	3051189	6533937	0.000603085828969729	215	0.00361456999919351	0.350355383758447	1641	0.226275931325558	2	2	0	-6.7943675608283
chrY	6533939	10244415	0.185528147477734	320	0.14455624315589	0.274058782543014	3194	0.209954594104136	2	2	0	-9.2822929957608
chrY	10624833	10658531	0.390770439427028	58	0.133315948654912	0.512921829370251	260	0.281106147490261	5	3	2	-6.79967640784065
chrY	10660874	10683003	0.387601622872371	227	0.150835563956579	0.400661960382322	634	0.269382391754318	3	2	1	-6.82006175246496
chrY	10683011	10684275	0.27855996539097	39	0.104609685186496	0.749677601086859	73	0.135710369589074	7	5	2	-6.74449241830693
chrY	10686252	10693991	0.48639977898067	74	0.169259891214037	0.208453414949562	254	0.138512753299304	2	1	1	-6.7935329812047
chrY	10744232	10857293	0.240964973266208	228	0.148696131528862	0.506204131612472	2202	0.363772676594659	4	3	1	-6.7786211354357
chrY	10859944	10860739	0.28361853715545	37	0.182231113366183	0.143210912335383	53	0.0544475220374924	3	2	1	-7.0250876508106
chrY	10866339	11104251	0.435602767219473	343	0.163441042921011	0.478723215492647	2432	0.279091355732684	3	2	1	-6.965813486319
chrY	11105229	11117424	0.49535936345327	164	0.18506596352626	0.741065696509932	475	0.203863967416384	4	2	2	-6.73480762345924
chrY	11117451	11151129	0.0179521270070447	93	0.114514139207966	0.710764913750187	385	0.542497146864443	4	4	0	-6.74789391752895
chrY	11151642	11289282	0.495173423219026	176	0.1776112681249	0.363959743004176	760	0.247623051525149	2	1	1	-6.74031306539914
chrY	11289713	11296168	0.366483194418585	259	0.133350807907305	0.876426040927379	902	0.164800411121772	8	5	3	-6.76248489389229
chrY	11296199	11309765	0.307511443803859	182	0.143585456175276	0.848241884836924	1364	0.304950214227341	6	4	2	-6.75524384370607
chrY	11309769	11310218	0.0641655605710663	18	0.172749667763554	0.393651358330224	62	0.113103525393209	12	11	1	-6.79665847122939
chrY	11310247	11313307	0.34769259292672	99	0.147182082640594	1.01515452237733	738	0.27161964698194	6	4	2	-6.73873526671835
chrY	11313316	11331179	0.281365950286833	275	0.152145045872058	0.851808325180021	2156	0.310983009638003	7	5	2	-6.74564733672173
chrY	11333383	11337301	0.280660414371618	65	0.174437688621291	0.507738800772229	194	0.226762746965066	4	3	1	-6.75532280889521
chrY	11338554	11350975	0.0242596145878493	116	0.126600774965594	0.650346829001695	317	0.308172364538457	4	4	0	-6.75511518897946
chrY	11351077	11351382	0.41546377128732	14	0.0605053807433777	0.743783837185183	22	0.129319531106253	12	7	5	-6.74431526500327
chrY	11351409	11466587	0.00242039173836267	464	0.0940359867983407	0.485603984976206	1245	0.275308677926025	3	3	0	-6.73533985180871
chrY	11643677	11748240	0.398901297687169	79	0.161791686503005	0.873058691196722	614	0.381239045029173	5	3	2	-6.73344521038036
chrY	11748242	11748679	0.411153282326494	54	0.113060352274633	0.783328324654663	98	0.355825374500821	12	7	5	-6.73634014484477
chrY	11748726	26658989	0.0105471106664903	135	0.139174410465677	0.464828448275586	471	0.249991567061999	3	3	0	-7.70816517523585
chrY	56822319	56826403	0.498620229195854	56	0.131722493370496	0.871643474876106	238	0.140397687940347	6	3	3	-6.73604112482188
chrY	56826577	56829174	0.498487722101816	62	0.164493331338986	0.779147528104678	233	0.158530778269471	4	2	2	-6.73428356614168
chrY	56829198	56835019	0.31076281619879	237	0.0799398932999009	0.896741088315313	1171	0.124644616165163	6	4	2	-6.78402641691141
chrY	56835044	56881366	0.44769175942972	576	0.110235743379167	0.818624722546632	2842	0.137199353116416	5	3	2	-6.84502910662662
chrY	56881407	56887228	0.0383437797855577	62	0.135117612359572	0.732873078869952	235	0.223152807317568	4	4	0	-6.78139129466743
