chromosome	start.pos	end.pos	Bf	N.BAF	sd.BAF	depth.ratio	N.ratio	sd.ratio	CNt	A	B	LPP
chr1	10109	13374254	0.395451347429955	12336	0.112020768919873	0.843346090756644	331855	0.314954608473255	5	3	2	-7.16906321885537
chr1	13374267	122074099	0.345878811597864	69087	0.104658604855976	0.848196734178735	2819707	0.303241776221577	5	3	2	-9.21591885745204
chr1	122098012	123399649	0.318815002498942	1811	0.146964700719263	1.12075729414999	20760	0.885308853878187	6	4	2	-6.7400457173213
chr1	123400279	125168904	0.397800953504292	4294	0.139714326975396	1.08306686652815	48121	0.792360727142053	5	3	2	-6.78403019697561
chr1	125169341	143200482	0.410033519997816	219	0.134091586769995	0.914710632650666	3288	0.501066036944456	5	3	2	-6.73726350056884
chr1	143200599	150665758	0.415287035940399	2001	0.123419833660679	0.839481111835817	115084	0.379525028052451	5	3	2	-6.93762008004268
chr1	150673330	248945932	0.498935942133594	56089	0.0995749892167169	0.864591093292673	2406056	0.362643413163487	5	3	2	-8.2615507708619
chr2	30827	86853538	0.498935959184077	52296	0.100609499926167	1.09350104798288	2035826	0.552881716989246	6	3	3	-6.73379599150492
chr2	86855556	88998043	0.484448641244513	1269	0.119249497585953	1.10621799709337	40644	0.55373743890847	6	3	3	-6.74399047575099
chr2	88998056	89003629	0.252563952496292	135	0.0633863599258902	0.993839644495368	277	0.454480602858833	4	3	1	-6.73484290961182
chr2	89006487	90204999	0.468138305552608	593	0.129659734942878	1.07766382468815	19608	0.490297602072079	6	3	3	-6.76951567551757
chr2	90209495	90213759	0.0538103282792286	31	0.0879957476978475	1.26663279577199	164	0.561521524411731	18	17	1	-6.74069328057869
chr2	90214417	93898784	0.34387771828503	2536	0.133642200265755	1.03574652265505	25461	0.530231683045807	6	4	2	-6.75775601474253
chr2	93912001	132363896	0.498914341374388	20695	0.103783790781821	1.05098620495976	858647	0.5251842902774	6	3	3	-6.84926097064493
chr2	132363930	242183443	0.498938211861929	57706	0.0996053922209935	1.05549550978817	2578431	0.520271581804744	6	3	3	-6.99229440565695
chr3	11956	75519130	0.329105209176415	46842	0.105213940901852	1.17117298634253	1963373	0.474367383868361	6	4	2	-7.6009437118041
chr3	75519176	75546342	0.131887642313746	83	0.0854167980308091	1.34386391553739	765	0.743014616205689	8	7	1	-6.73611554725555
chr3	75546672	90898997	0.343266689425811	10655	0.108598501013566	1.21348277354528	396849	0.49612637043678	7	5	2	-6.97696898144335
chr3	90900928	97336125	0.305933886088252	3354	0.116395201196794	1.14082481059712	106863	0.474523114578445	6	4	2	-6.80105414662081
chr3	97336883	114418122	0.498943499783983	13371	0.0712347761928065	1.12276994028907	482372	0.367354173519723	6	3	3	-6.7939678007946
chr3	114420954	114464765	0.34627201827066	36	0.123100655678885	1.11633635509817	1163	0.460138436513972	6	4	2	-6.73915531114896
chr3	114465768	125717776	0.494692182390496	6948	0.0700016234587899	1.10938294103753	316754	0.365579534088903	6	3	3	-6.75010745371062
chr3	125718113	125806195	0.498810077547682	512	0.103577576537555	1.09140526498282	3047	0.376903031656046	6	3	3	-6.73310891451585
chr3	125813638	125817408	0.131931101720377	13	0.11206608627193	1.31974827229324	135	0.610265574228958	8	7	1	-6.73479828830889
chr3	125818828	130017921	0.498914125369639	3284	0.0754192398733204	1.09797110105588	118615	0.370780475376065	6	3	3	-6.73383708179213
chr3	130027318	130027588	0.189022870299217	16	0.0690428610840155	1.05380678007577	23	0.123571281696351	11	9	2	-6.74287944345852
chr3	130028813	145927671	0.498939422761382	11065	0.0740195757597341	1.10720269957605	448270	0.366477774558804	6	3	3	-6.74800380696683
chr3	145928049	145932856	0.498037503663503	13	0.180908427040752	1.1402250251252	117	0.548945516760409	6	3	3	-6.73311874817398
chr3	145934371	169468505	0.49894312205385	13052	0.0723129989218448	1.12049861681807	656339	0.369404044290478	6	3	3	-6.80450366548697
chr3	169471972	169472680	0.0362759281677083	9	0.0781735959970572	1.23316485889906	21	0.243208581850465	20	19	1	-6.76105732339506
chr3	169473398	170673177	0.499065817619193	1298	0.0680329525762077	1.07997095204305	34647	0.347327508038942	6	3	3	-6.73379127777902
chr3	170673209	170673866	0.218386586509163	9	0.138369473190842	1.52377849614063	26	0.536866853569429	9	7	2	-6.73365919468209
chr3	170674119	174259014	0.498915325375569	2679	0.0703728684388245	1.07795728548531	102010	0.347764318578333	6	3	3	-6.73585787156344
chr3	174260558	174265120	0.224139123335104	11	0.163758358565296	0.981203940425516	120	0.365491390189319	9	7	2	-6.73840627101176
chr3	174265214	184501882	0.494653350372481	6246	0.070820645276894	1.05693322672228	288564	0.348397009481863	6	3	3	-6.78778066027964
chr3	184502671	184530435	0.498654812350656	52	0.123960734003396	1.05659271671005	832	0.426022457399793	6	3	3	-6.73319619190116
chr3	184544343	195478416	0.49893685166461	8884	0.0726752584789742	1.03517338758797	308608	0.332525100502416	6	3	3	-6.8941061123356
chr3	195478501	195505605	0.412245903174368	172	0.14216499186129	1.08470078448399	1269	0.404458946863789	5	3	2	-6.74025465026901
chr3	195505643	195760596	0.423567679893522	642	0.107489075046574	1.07411355838823	8293	0.408653359089989	7	4	3	-6.76065169900572
chr3	195762619	195780720	0.489275727122653	45	0.154439135146007	1.39960619180518	587	0.981896100192402	8	4	4	-6.73593776368931
chr3	195780823	195996786	0.498797643470398	422	0.101830690486971	1.10698556835418	6812	0.371412031636201	6	3	3	-6.73330495768152
chr3	195996787	197354032	0.494494448231971	1652	0.0761618487798939	1.04407978241657	39098	0.351417120251785	6	3	3	-6.74903189869517
chr3	197384441	198187600	0.498696654363321	293	0.132545582468993	1.14129196113313	22981	0.410175166824668	6	3	3	-6.73883145450095
chr4	12333	64486	0.384375086653558	69	0.149769853279646	0.879918936331263	962	0.391803410780483	5	3	2	-6.74012352572146
chr4	66544	530085	0.000883202197379307	195	0.0330358283224047	0.959016486600102	11201	0.434179401048558	5	5	0	-6.73778542530374
chr4	531271	661061	0.468567406062362	48	0.166377069766154	0.965281626022475	3174	0.454755709964482	6	3	3	-6.76003234888429
chr4	666052	4007488	0.000397382224225529	1369	0.0955596053992422	0.909021294851013	78414	0.429050237102899	5	5	0	-6.73321408765738
chr4	4013238	4019280	0.395003233127209	17	0.051083553241378	1.18496871199316	193	0.394487284822264	5	3	2	-6.74134811243675
chr4	4028450	29635510	0.00109778920368356	9128	0.0559364989442227	0.959653035240889	599440	0.442573344334612	5	5	0	-6.94665255765336
chr4	29646064	29646184	0.342358194032642	9	0.0259181403653889	1.69146946770026	11	0.246159334947546	20	13	7	-6.78748396742822
chr4	29646472	33378629	0.00089679826243183	1534	0.0193984802620231	0.988866017806884	87938	0.459422903285343	5	5	0	-6.80738747283018
chr4	33571426	33840394	0.0275032105941109	11	0.153175953489028	0.983252641209878	6339	0.438476118074929	5	5	0	-6.75462537536297
chr4	33901725	45012134	-0.000985951769967353	3766	0.033571115815048	0.95210038279195	264058	0.43364013952633	5	5	0	-6.8093989660733
chr4	45012813	45014432	0.45659609572853	89	0.0587805774207801	1.11645908839388	134	0.247270071299986	11	6	5	-6.73907481496945
chr4	45014460	49091321	0.00067970298321357	667	0.0534724364685365	0.961105576463606	96299	0.441260927625877	5	5	0	-6.77065012171408
chr4	49091325	49101202	0.473078719597052	245	0.113207677833743	1.22732624741552	2168	0.331415653764378	11	6	5	-6.76169992520362
chr4	49101244	49111347	0.364507121645875	270	0.101874539080139	1.07188028772342	2464	0.349031744147164	8	5	3	-6.74439384703557
chr4	49111375	49129351	0.352180071603687	358	0.121476945690094	1.26156506174598	3268	0.416930151578721	6	4	2	-6.74790098260738
chr4	49129360	49131975	0.462254281067802	36	0.139815547424409	1.97529433470648	426	0.487770208669067	13	7	6	-6.73325192931917
chr4	49132229	49138016	0.35166699879529	82	0.13237558514889	1.15452747376528	794	0.34516811974829	6	4	2	-6.74392018712295
chr4	49138085	49139429	0.447832222784867	24	0.143262750147099	0.808284646767699	121	0.228950557957347	9	5	4	-6.74096767553038
chr4	49139498	49155561	0.384398845024113	431	0.119592415602036	1.16495961939584	3339	0.353716254249953	8	5	3	-6.7402669627198
chr4	49155627	49320612	0.384291329935819	640	0.133433890154871	0.932565190378098	4261	0.356929394509606	5	3	2	-6.74222962169006
chr4	49320856	49626604	0.498718007742402	534	0.137239968998297	1.35269773816444	5011	0.505287455674336	8	4	4	-6.73681499023813
chr4	49626852	49657993	0.413484201210977	669	0.121783925619362	1.50375838648213	4719	0.372910323182981	10	6	4	-6.74494788898702
chr4	49709141	49744371	0.477839658625759	110	0.0961093361945297	0.99487388131021	845	0.423654178301126	6	3	3	-6.76576750491168
chr4	49750473	49972228	0.105049294777586	22	0.187983005587235	1.39157246472652	276	3.35643191727216	9	8	1	-6.73415284160653
chr4	50008956	51577776	0.363146629579544	110	0.149885306443203	1.34265017717228	1862	0.921304414098283	8	5	3	-6.74399226233683
chr4	51639549	69272149	0.000136189066637343	5160	0.0373009865252347	0.99025629283334	408379	0.461241080032922	5	5	0	-7.07013768827229
chr4	69272165	69274384	0.498814177287842	73	0.119700628599278	0.950454267711494	126	0.307037276367813	6	3	3	-6.73335823239994
chr4	69301487	69380076	0.0323384722685959	26	0.0965582805276769	1.18754709906603	1810	0.706143786903611	6	6	0	-6.79360048337166
chr4	69381352	69381682	0.411730094770327	24	0.0621899264875087	1.55566374986615	31	0.267600267611612	17	10	7	-6.7343288570248
chr4	69381823	69383676	0.498550777423959	28	0.116748876930574	0.768161832213597	94	0.354262551166508	4	2	2	-6.73314675420568
chr4	69385329	87710279	0.00163379944469388	4905	0.0397643102595118	0.955418163634632	434962	0.433239930225148	5	5	0	-6.8688139972113
chr4	87711548	87712513	0.00075855807597483	9	0.19172897537931	1.02417418990494	40	0.27331919444357	6	6	0	-6.73307474265591
chr4	87713102	109426605	0.00195165514781934	4542	0.0353478401158881	0.9659482102823	512428	0.443406445313646	5	5	0	-6.95997566762141
chr4	109466699	109597463	0.475769901375956	9	0.201444023104297	0.946181964379022	3122	0.409008581186958	6	3	3	-6.75123034128893
chr4	109717887	113757630	-0.00144593540938998	1399	0.0392676564162485	0.968729737222311	96115	0.435542951355678	5	5	0	-6.7872149807402
chr4	113758526	113924078	0.000486076128398238	9	0.198912110686549	0.969107414824099	3933	0.419143447079708	5	5	0	-6.73530202605959
chr4	113940938	118601263	-0.000761387314178519	1747	0.0107248129081114	0.984234640769289	110680	0.466487319465323	5	5	0	-6.85084904452602
chr4	118605026	118670638	0.221449073178256	34	0.103371800096828	0.933473412231869	1426	0.423893559351523	5	4	1	-6.75609013834697
chr4	118671408	131732202	7.14376653387916e-06	3207	0.0435797049056086	0.884739494711911	309718	0.39333692702429	5	5	0	-6.77422774935374
chr4	131732859	131751764	0.498377550131095	47	0.158812830916286	1.12036596075164	257	0.802315213711068	6	3	3	-6.73310452960387
chr4	131751981	143824621	0.00063903774833865	2528	0.0346235005181628	0.857671723750167	285881	0.378539926019059	5	5	0	-6.90634068508746
chr4	143848951	144127840	0.498441330330836	69	0.166692506522055	0.855857253755886	6381	0.395211096198142	4	2	2	-6.76064864967698
chr4	144128865	159453275	0.00143462738577457	2737	0.0549361336420413	0.829692378415315	364395	0.354925325863339	5	5	0	-7.29940086802702
chr4	159454280	165205430	0.00016711571988054	2105	0.0303271580807495	1.11769062283759	134099	0.581086066550575	6	6	0	-6.74035277450714
chr4	165213053	165235263	0.274515451780166	25	0.109685033922895	1.08128329745101	547	0.466306717836817	7	5	2	-6.74160954856921
chr4	165235274	177999821	-0.000549016294668608	4584	0.0364524539503092	1.14934623864564	300731	0.580075106635616	6	6	0	-6.79580695720884
chr4	178015315	189835825	0.307172975604395	11457	0.105695871197782	1.21402049345828	314389	0.496448901197329	7	5	2	-6.81941809368845
chr4	189836064	189849325	0.331177880447794	65	0.128532598379376	1.68700379941434	492	0.752709216203773	9	6	3	-6.73327566366944
chr4	189849414	190203842	0.316377103632549	452	0.133058483638168	1.19793874103922	7521	0.579317671533133	6	4	2	-6.74891290906171
chr5	15890	47066210	0.239137342805115	23662	0.0990004867168097	1.08993919491068	1294543	0.364261928582698	6	5	1	-7.02987306733521
chr5	47066230	47066379	0.339896964362676	18	0.029459621196576	2.82375673271231	24	0.246505368580748	3	2	1	-6.75744247755899
chr5	47074225	47307601	0.498655820146389	262	0.13756705677532	1.06103161924588	1935	0.669743770412103	6	3	3	-6.73333379238773
chr5	49591952	49676923	0.294434915542974	384	0.111530526366441	0.987531957394376	3410	0.281847230414154	7	5	2	-6.77718252293337
chr5	49677467	49922819	0.330717477566614	514	0.142407844125992	1.18079723794466	5169	1.01175117612278	6	4	2	-6.73422153474
chr5	49925382	49929984	0.135212615860511	30	0.14788401792831	1.74351730439735	140	1.74433308238777	15	13	2	-6.7332627242717
chr5	49930030	175918998	0.240059396092105	73654	0.0986896549138812	0.930590615624093	3434217	0.300357326612381	5	4	1	-7.21662708286201
chr5	175919146	176118639	0.498815735069107	234	0.107491822192002	0.908672129242428	4721	0.313895663623277	6	3	3	-6.77356892487101
chr5	176119548	181477761	0.237370054837212	3884	0.105516238547003	0.935382123016982	139882	0.31665943528422	5	4	1	-6.82682443493785
chr6	110300	31317919	0.346721724609873	25839	0.105772971785941	0.972782086115369	820081	0.361142199316458	5	3	2	-7.46272010528303
chr6	31317971	31318956	0.367426110922998	45	0.0634842142153894	1.29708841030844	72	0.179036924855346	11	7	4	-6.73833099568701
chr6	31319044	31319697	0.498970325926652	33	0.0841609433997706	0.552601820403587	47	0.16677550038919	4	2	2	-6.73419774003076
chr6	31319714	31322690	0.383263431102892	90	0.0897309642351612	1.05115162506613	161	0.295234470589434	8	5	3	-6.7398880391082
chr6	31322716	31329995	0.498715277245204	217	0.110633222557402	0.802477119489823	378	0.261818255367263	4	2	2	-6.73370237664844
chr6	31330076	31334434	0.289223468990793	183	0.108801547217285	1.08021065546732	281	0.423907251386837	7	5	2	-6.73384450494872
chr6	31334459	31335531	0.16269109474618	37	0.0925786411911776	0.691667542084573	60	0.251625725895035	6	5	1	-6.7369575114829
chr6	31335549	31336489	0.42056375499519	56	0.103844013889965	1.47365151460993	79	0.483985719382349	12	7	5	-6.73418323399502
chr6	31336507	32488562	0.325113006207601	2773	0.106010125152314	0.926052871043423	30776	0.370755820765245	6	4	2	-6.86972058224787
chr6	32488567	32489357	0.28592482590245	70	0.100599606089396	1.4291142919703	112	0.325499985667036	7	5	2	-6.7330997261109
chr6	32489378	32506115	0.411648102772633	454	0.11776894020095	1.01488165908659	813	0.402390887494514	5	3	2	-6.73923331157968
chr6	32506134	32511601	0.498616097479443	70	0.140313350155586	1.44372709722994	154	0.68352428518226	8	4	4	-6.73308843116275
chr6	32511613	32512781	0.492829858893585	110	0.13623389744239	0.653215886538239	171	0.131194880214234	4	2	2	-6.73517870155261
chr6	32512812	32517620	0.318020352414717	79	0.101832374625698	1.0777401452396	185	0.335772604701687	6	4	2	-6.74757505461037
chr6	32517633	32518038	0.117844402588388	34	0.159783791641397	0.652727749717162	45	0.185187311671292	8	7	1	-6.7391117556352
chr6	32518501	32518923	0.491451230568153	29	0.106610323532685	1.06091707823058	47	0.308444703407482	6	3	3	-6.73688734507352
chr6	32518936	32519707	0.493797131097433	60	0.133514360513305	0.615727087092378	83	0.0827095207648689	4	2	2	-6.73624432666261
chr6	32519738	32535273	0.298493106826879	603	0.106699785874217	0.936800454400309	1023	0.307939802008281	7	5	2	-6.75002391097988
chr6	32535294	32535994	0.386333407285264	55	0.10302611548234	1.4495833387019	72	0.401795307697775	13	8	5	-6.73378173548074
chr6	32536011	32552412	0.496691656028843	624	0.102961099113251	0.963544681312465	1139	0.323172225313834	6	3	3	-6.7351091422121
chr6	32552437	32580612	0.339925512291098	564	0.120517394854403	0.83244648986973	1258	0.351586208592198	6	4	2	-6.74454087722021
chr6	32580620	32582837	0.295781867658638	115	0.109459003885725	0.960782544993124	177	0.179426749929153	7	5	2	-6.7407610060095
chr6	32582902	32583171	0.282114073842902	26	0.0921428990544244	1.91807170352315	32	0.408935526851077	14	10	4	-6.73418579190631
chr6	32584171	32584696	0.467826978751166	30	0.129309199075384	0.792536740639282	42	0.159764840616854	13	7	6	-6.74908183397849
chr6	32584750	32584865	0.390030841190838	10	0.055579872455973	1.582857314765	13	0.125638114827611	18	11	7	-6.73552435634178
chr6	32584988	32585177	0.498607191471592	12	0.116437361233021	0.328017059745653	15	0.0568328375903529	2	1	1	-6.73354132718808
chr6	32585206	32590005	0.498703728166135	298	0.121126037868377	1.01708754193093	445	0.228337451550429	6	3	3	-6.73337226190825
chr6	32590024	32590493	0.482467886548691	35	0.0311100513358247	1.28721276843682	49	0.171134927075995	19	10	9	-6.78949617846185
chr6	32590508	32592837	0.470720992286697	68	0.0631208044355424	0.802763499503757	122	0.264243538955432	15	8	7	-6.76515442822004
chr6	32592868	32593106	0.327172956441201	14	0.0339103536978323	1.69897267262394	20	0.504846156868865	18	12	6	-6.75421687441308
chr6	32593122	32594179	0.498614708847394	51	0.129395366162447	0.656012925447135	79	0.146863914603038	4	2	2	-6.7334235424168
chr6	32596904	32600373	0.369228503466182	107	0.0770622705745931	1.07291261919543	188	0.280823690269354	8	5	3	-6.73920540104844
chr6	32600416	32603928	0.363237654423578	132	0.0940725526061048	0.706064143536634	212	0.240877007034934	8	5	3	-6.76178788429981
chr6	32603957	32604986	0.302629655833522	51	0.0772689268647076	1.13695730740121	73	0.27078645958967	10	7	3	-6.73537527742182
chr6	32605029	32606132	0.2570896329825	38	0.118736176106351	0.576505397352018	63	0.130574768226048	4	3	1	-6.7366083862168
chr6	32606155	32631710	0.498780362905091	743	0.104529442220371	0.89521983426005	1367	0.309108553697851	6	3	3	-6.73939889447876
chr6	32632000	32632141	0.0186071196515242	11	0.0359466776818615	0.938021817590293	15	0.150338601956035	1	1	0	-6.77787314987675
chr6	32632222	32637401	0.323389940904378	207	0.0877436316208449	0.980804049194327	329	0.274250412055957	6	4	2	-6.74208458827391
chr6	32637420	32640492	0.280408999821088	143	0.114240657406152	0.648750988248059	209	0.171028302762934	7	5	2	-6.76310938712376
chr6	32640517	32642273	0.452855777658289	76	0.100661589566404	1.18804008642108	126	0.485919824401137	11	6	5	-6.73442062711103
chr6	32642594	32644018	0.245528292003654	108	0.0777583674414857	0.719442989107077	141	0.20604612855426	4	3	1	-6.73628710796063
chr6	32644041	32666816	0.306510746749686	394	0.108720167604886	1.02642107616766	726	0.376507542836611	7	5	2	-6.75808065876639
chr6	32666837	59780790	0.329588100171945	16729	0.105379009200157	0.961253308743655	679311	0.365305696689854	5	3	2	-7.33754915979263
chr6	59828833	170743540	0.323689424781188	66098	0.105316916042441	1.16364658719069	2888326	0.460719743730323	6	4	2	-7.81322533807783
chr7	23863	58054211	0.498935829958908	47559	0.0980664339399518	0.689777880001589	1407093	0.285536086259271	4	2	2	-7.80596476821071
chr7	58062698	59950702	0.324440055187067	415	0.127022031355062	0.867885538221564	2538	0.498638648711049	5	3	2	-6.95050374131764
chr7	60102614	60925701	0.277706225771404	150	0.116469526503832	0.851895189532569	857	0.454368588230044	4	3	1	-6.82157292529143
chr7	60932025	60951500	0.394898468708568	85	0.154899883633203	0.667612382583865	673	0.238638666467255	5	3	2	-6.75341013150757
chr7	60951699	61027126	0.496149049702685	226	0.109136902109979	0.762403553341642	2290	0.291589952222193	4	2	2	-6.73486154405306
chr7	61027129	62307992	0.498771281503348	988	0.128649942613093	0.677260285873313	13255	0.27534777914843	4	2	2	-6.78701467424163
chr7	62308000	62308273	0.316962297623311	23	0.149948146505104	0.241688914329159	29	0.0518426712426776	3	2	1	-6.78165006976182
chr7	62308951	62431385	0.364813926688499	279	0.0996733744201216	0.706519521414774	3399	0.244082932411505	3	2	1	-6.8673537492935
chr7	62431955	62442745	0.0845533930683543	55	0.0703565570351841	0.681405927021869	400	0.295287927528557	11	10	1	-6.82382926251333
chr7	62442770	62451977	0.49877781497512	173	0.111861435310713	0.70048666111021	437	0.203597676012013	4	2	2	-6.73330979997279
chr7	62454725	63013516	0.221583005123175	82	0.121429246390448	0.844128796219849	11739	0.379899741407984	5	4	1	-6.76297027217256
chr7	63013569	65081303	0.491961732976833	1818	0.109963362570391	0.846314355866427	43169	0.378648418585352	4	2	2	-6.92381443545843
chr7	65081799	65845608	0.441125279563892	1351	0.116610263023643	0.799373100289247	15649	0.344321388076121	5	3	2	-6.86959356636445
chr7	65850112	142461503	0.498929403174401	36661	0.100208726323022	0.822713341420688	1799768	0.369092424946354	5	3	2	-9.5514302581248
chr7	142461509	142521100	0.363453717624112	693	0.124843929743437	0.895326380528989	2343	0.374389069918645	6	4	2	-6.77645891139694
chr7	142521136	157745860	0.498901063168231	10131	0.103450745826269	0.826057404800774	355364	0.371072696424414	4	2	2	-7.62763173616008
chr7	157746020	157749880	0.49501841797722	44	0.158286256864109	1.30938429431989	150	0.611947235081171	8	4	4	-6.73369167980688
chr7	157749914	159335108	0.498831614262589	1700	0.111167259617406	0.811687783973633	39355	0.358029123207682	4	2	2	-6.81809016346112
chr8	75802	1211513	0.498875401532594	1141	0.0957941414019991	1.30012671954925	28646	0.54646541508672	8	4	4	-6.76146918523843
chr8	1211904	1360263	0.410073654009305	122	0.134525609766207	1.31321245729153	4310	0.517042129188282	7	4	3	-6.74493450313606
chr8	1363320	2086309	0.45002991982797	1445	0.0879768422735689	1.26735071900096	20625	0.490250230945107	7	4	3	-6.76787219721477
chr8	2086362	2086478	0.215951491725702	12	0.129271003803028	2.55063066269928	19	0.454136775130924	14	11	3	-6.73308619566234
chr8	2086488	2246658	0.475758893711195	500	0.0731087667763526	1.22296722915429	4837	0.433231271205234	6	3	3	-6.80491824347733
chr8	2246824	2471550	0.498582957727898	113	0.128060779363258	1.2811227210687	2089	0.650496035985273	8	4	4	-6.73819516788061
chr8	2475613	7152663	0.49893123374489	9261	0.0743423006874321	1.21293229120359	132228	0.447966782774693	6	3	3	-6.88540667489138
chr8	7152736	8181779	0.42011930239028	867	0.117728569881239	1.18345389131219	11378	0.624717983660599	7	4	3	-6.74459813580941
chr8	8182178	12171996	0.477160933431749	3036	0.0736359764754464	1.18469809597892	106575	0.419446174306681	6	3	3	-6.88060520538287
chr8	12172384	12611675	0.338030995575029	567	0.105646560366817	1.17766637083433	8168	0.448299129875742	6	4	2	-6.74155093099998
chr8	12612545	43981788	0.498948372127678	23854	0.0762427937358273	1.18153579744608	865530	0.422701480850409	6	3	3	-7.33381909239586
chr8	43981829	45187816	0.352715911152365	53	0.144079259754612	1.31173662845223	1595	1.25071733577471	8	5	3	-6.75264392870651
chr8	45206662	63797489	0.498940313825227	13284	0.0743438836075718	1.14905013392874	496257	0.398155558011962	6	3	3	-6.91472112709534
chr8	63797498	63803393	0.238962671169397	9	0.145150592297946	1.11197575188488	58	0.861296248902	8	6	2	-6.73724628059091
chr8	63803591	138119723	0.498959286771043	50247	0.0738019705792585	1.13017879488188	2050306	0.390810477577555	6	3	3	-7.07133034359656
chr8	138119845	138122188	0.320270563055543	17	0.15413661339291	0.939576081827201	74	0.290295705179668	6	4	2	-6.73808605476219
chr8	138122574	142491793	0.498917421530697	4087	0.0854888158679064	1.12864443440574	122600	0.391066240889567	6	3	3	-6.7524829731191
chr8	142502138	142502426	0.111428811751336	9	0.0997396611183335	2.08809611591879	29	0.765213901645113	9	8	1	-6.73306583455649
chr8	142503271	143072226	0.498856376493048	489	0.0837538392964904	1.14217873109062	16181	0.41114665336084	6	3	3	-6.73733392255323
chr8	143072235	143073847	0.317385857439216	55	0.129261114377974	1.86819465172436	279	1.1675889579403	19	13	6	-6.73336656363753
chr8	143073941	145074901	0.496658845900402	1680	0.0914197681547747	1.09896335224348	55929	0.415097768023525	6	3	3	-6.7341732615393
chr9	10452	116318	0.247919291365686	122	0.134492140119647	1.07568652017213	2209	0.445650876031192	8	6	2	-6.76215749434082
chr9	116800	34181084	0.498946929858195	32421	0.0784294851351821	1.07982985644596	950051	0.369144558868607	6	3	3	-6.74980280301518
chr9	34181526	34183649	0.127396415759414	9	0.151516042421623	0.885463146218036	57	0.263850063274058	8	7	1	-6.73758007768061
chr9	34187163	38792656	0.496705186530876	3100	0.0783533444627202	1.04765948181306	127355	0.354251041219498	6	3	3	-6.77052327307178
chr9	38793022	40524526	0.397720487386314	1324	0.11459816267377	1.04677729318633	19414	0.451336617011574	5	3	2	-6.83170078862271
chr9	40526616	40562255	0.290644474993415	24	0.0805955976609073	1.98887183302654	134	1.894087930535	14	10	4	-6.73536010803764
chr9	40567789	41215386	0.321225570631232	1303	0.104148681242191	1.01660456064286	15327	0.338313883591205	6	4	2	-6.7589044571729
chr9	41215440	41224252	0.30591410564423	55	0.135628386627797	0.69997555411174	201	0.299280640604761	3	2	1	-6.76303196977391
chr9	41224352	42999853	0.454844583376514	2889	0.114723825593921	1.05371172593513	32380	0.447575238044181	6	3	3	-6.8310940502899
chr9	43000153	43717845	0.498813875489013	704	0.112167814920017	1.10898633716696	8329	0.428666215895963	6	3	3	-6.73370324777909
chr9	43727409	60616884	0.498580598656289	285	0.147400227801445	1.10150603610034	3423	0.945624162108696	6	3	3	-6.73406946003153
chr9	60617136	60680769	0.498549696823574	39	0.164753170796344	0.703452303732138	171	0.61539195650473	4	2	2	-6.73320202245791
chr9	60680951	63410102	0.341495435879618	1130	0.116759836346857	1.03038424998387	21077	0.443554585554953	6	4	2	-6.76289633474535
chr9	63413194	64776064	0.32113650580452	1746	0.114001361813695	0.976570396745641	18825	0.382547119956404	6	4	2	-6.8086826495997
chr9	64776414	65292199	0.490663918541272	276	0.135163238983814	1.2105266460902	3959	0.646046167558702	6	3	3	-6.74385340047215
chr9	65292231	65385796	0.0754094266844252	53	0.131403117886985	0.881723316974237	427	0.345207260734229	5	5	0	-6.91508908095722
chr9	65385901	96892700	0.321437207055092	21374	0.106454918804169	0.90356586702928	784574	0.327141896814564	5	3	2	-7.05515877731511
chr9	96893723	129427991	0.321792350212569	22900	0.1049852892124	0.877084992670429	854949	0.314125250702289	5	3	2	-7.30927552959678
chr9	129428000	129433787	0.211118355246407	141	0.0941311637442242	0.827960286150938	299	0.237359859926457	5	4	1	-6.74022430610087
chr9	129433803	129434713	0.206696170125	51	0.0941665275029338	0.491844844654469	77	0.0996597492400615	5	4	1	-6.75580841732737
chr9	129434731	129436352	0.228800326444245	75	0.0928343327295098	0.862168677134015	115	0.22254093187896	9	7	2	-6.7435318962658
chr9	129436374	129436738	0.273231585527653	29	0.0785915737721309	1.62983480554908	43	0.380623694028967	11	8	3	-6.73309289296522
chr9	129436766	129441012	0.21531704280855	125	0.0895103655918525	0.620451677022096	242	0.222018482203866	5	4	1	-6.75547420411747
chr9	129441077	138269719	0.320145638885833	6980	0.110242981508253	0.864824033413846	231471	0.325626488179642	5	3	2	-7.16217041700128
chr10	10374	3427842	0.498910492057051	3151	0.0888819044400251	1.19464871198785	96435	0.435203681622875	6	3	3	-6.82049012703624
chr10	3431136	3457246	0.495710607327725	23	0.132578725959617	1.25621866509497	801	0.599988163483435	6	3	3	-6.73451967519945
chr10	3458810	16243886	0.498940032240054	11485	0.0744134430329891	1.14535295851607	362486	0.388431694936969	6	3	3	-6.84973120638291
chr10	16258880	16282546	0.123615759701715	9	0.083021248953372	1.17297143400508	688	0.385972293502521	8	7	1	-6.73789068751091
chr10	16282674	26569931	0.467056563366268	9355	0.0708918577935077	1.13981178405001	292321	0.381007376464798	6	3	3	-6.9392893952919
chr10	26570904	26585327	0.223190244688382	118	0.107651937576219	1.29473805489297	524	0.38492397381777	9	7	2	-6.73621583082734
chr10	26585529	26624464	0.497730294375308	46	0.0676082242088663	1.20957496800937	1179	0.387544101169005	6	3	3	-6.73535269219788
chr10	26624834	26625404	0.20871027473358	42	0.061367327598909	1.49045749658859	57	0.248781207032266	19	15	4	-6.7376320543027
chr10	26625424	26652369	0.291847821392067	243	0.0988260584955793	1.2072670151188	1110	0.352124149653825	7	5	2	-6.73526065104746
chr10	26652635	27331856	0.498887204457582	999	0.0771419709189779	1.11505699056574	19774	0.374652552739262	6	3	3	-6.73450218585376
chr10	27332702	27332828	0.154538220852507	13	0.0209608915449457	1.32684742686981	17	0.0654434533642235	13	11	2	-6.73891193366636
chr10	27333170	28362128	0.498871269307807	539	0.0822181283972275	1.11035893574733	28758	0.367493780692681	6	3	3	-6.73451452706289
chr10	28362269	30337873	0.325631641970822	1386	0.084854968569599	1.11638399009319	63257	0.299546584383008	6	4	2	-6.74553213954365
chr10	30339085	37125267	0.498926815288344	5417	0.0728837275171783	1.12546872424117	191989	0.376482743668269	6	3	3	-6.76035949834037
chr10	37145962	37147983	0.190378941389799	28	0.0714575020776308	1.55027085595847	100	0.313928154136573	16	13	3	-6.7385986175521
chr10	37152272	38860574	0.492140034828483	2142	0.0985816330961191	1.18411307819953	48410	0.419165812169256	6	3	3	-6.77546920894238
chr10	38879684	38889511	0.300562185786068	48	0.0693316114079684	1.71056929455546	176	0.753867277925811	10	7	3	-6.73307024583717
chr10	38898285	38904519	0.498572748688401	107	0.129744116275028	1.10263197832163	254	0.595844937310645	6	3	3	-6.73310345618661
chr10	38904810	38978849	0.496313597267247	687	0.115452466329357	1.20707620809663	3162	0.33811202155469	6	3	3	-6.73759039453651
chr10	38978984	39568606	0.479472420845981	698	0.0774436732731651	1.18411878067077	16617	0.412577172281551	6	3	3	-6.78871219502566
chr10	39568712	39691731	0.260386344482716	57	0.129899139107433	1.12143632202382	310	0.46520156277438	8	6	2	-6.75930885392979
chr10	39845044	41701749	0.498670399352085	515	0.147606869688704	1.40223146225169	4302	1.20109136702778	8	4	4	-6.73408665989324
chr10	41704946	42172281	0.410273513273243	1959	0.104241857224213	1.18087048591425	24183	0.385314993237547	7	4	3	-6.7624175390953
chr10	42172451	42301407	0.279942736393296	260	0.118450689257453	1.16848842709335	3719	0.389003692322323	7	5	2	-6.73849407564312
chr10	42301566	45674400	0.498923097240836	3393	0.0700652410631471	1.16663289296375	96298	0.384921347441547	6	3	3	-6.7934415206101
chr10	45674522	82556003	0.498952221365168	25819	0.0764590115675952	1.14335055929093	1015208	0.395866859147738	6	3	3	-7.02515516166838
chr10	82557718	133786543	0.325262686671404	30652	0.107629141609117	1.11930961887702	1321378	0.451264467974923	6	4	2	-6.83237032355934
chr11	119869	53372725	0.335177642030627	39673	0.106174827644979	1.00857590412594	1324758	0.385410912923084	6	4	2	-7.83836731235924
chr11	53408771	54922909	0.498716943222227	518	0.130870831725546	1.05523601745204	12162	0.50127161023911	6	3	3	-6.73716505251184
chr11	54926123	55030461	0.0952690538522065	25	0.0746012064245613	1.02186690228637	2676	0.373008721320957	9	8	1	-6.86080485067018
chr11	55031388	56699558	0.459581267873753	273	0.102671451642272	1.01262875988632	39793	0.400464466706542	6	3	3	-6.85932995301542
chr11	56699609	56702727	0.463176178371711	210	0.070025699315275	1.11500656002535	317	0.227861881753161	13	7	6	-6.75352760411212
chr11	56702741	56705853	0.499203334916648	244	0.0689421228938754	0.866294793717091	324	0.188524234178746	4	2	2	-6.73467995599976
chr11	56705864	56706200	0.499539127647549	27	0.0580227629955781	1.86222576609877	37	0.279818825447958	10	5	5	-6.73306917817463
chr11	56706211	56782537	0.499166950658086	158	0.084066597506109	1.00511961259013	2084	0.420326297497554	6	3	3	-6.73484179688285
chr11	56784332	135076502	0.498926340905088	46471	0.103347462466799	0.97599437505249	1933065	0.421816481546629	5	3	2	-8.30946510964841
chr12	10700	11025712	0.374825818595702	9678	0.107788817361736	0.962619820777719	289959	0.359731167818028	5	3	2	-6.92371553979755
chr12	11026107	11027505	0.128819169155906	20	0.098555501328466	0.950219832416452	54	0.311945564626277	8	7	1	-6.73509860610159
chr12	11027605	11030467	0.498720776526917	74	0.11901197986485	1.22147398647957	164	0.411380814419611	6	3	3	-6.73322791796451
chr12	11030618	11037867	0.267975346690244	48	0.106044147687957	0.752155565366977	206	0.282505653077665	4	3	1	-6.74796151663582
chr12	11037870	11072983	0.498801415983563	529	0.116553917430946	0.954191496266995	1510	0.292529544803239	6	3	3	-6.73752707626103
chr12	11073009	11077635	0.498651353966256	138	0.130007835290247	1.21776038230512	270	0.364708964258855	6	3	3	-6.73334518853223
chr12	11077636	11079182	0.448001440350553	95	0.0830267337779616	0.84076351027456	138	0.219947084025911	9	5	4	-6.74252638779988
chr12	11079854	11083322	0.200815032751022	40	0.0949814961736475	1.31346369916889	141	0.726943244169145	10	8	2	-6.73344642817805
chr12	11083334	22320821	0.344858901687162	7911	0.104695818754984	0.967383762398417	295788	0.358919462852932	5	3	2	-7.08680432566401
chr12	22321536	34694940	0.479682965718616	9710	0.0775437300730323	1.17024721244476	341897	0.413992787474682	6	3	3	-6.97820348995722
chr12	34699338	35475214	0.336369675653061	229	0.131082701944611	1.04910105033552	3530	1.25183942008655	6	4	2	-6.73370567449617
chr12	35509742	37260526	0.365194486616688	527	0.138728168114459	1.15284662331158	6315	0.943364829114736	6	4	2	-6.76697422066917
chr12	37260571	56550853	0.470858075445871	12809	0.0868436924368233	1.09091890066259	525146	0.394512537957573	6	3	3	-6.79985202536685
chr12	56558236	56558297	0.101144216698293	12	0.0111477678156987	2.03841946242944	13	0.215084866971156	10	9	1	-6.73359101084757
chr12	56570946	59539669	0.498868702618313	1609	0.0890245101849207	1.10441111489244	81056	0.393441327861751	6	3	3	-6.73477030661749
chr12	59543050	59543496	0.125590673294792	33	0.0555593628745894	1.11701597033799	46	0.629960436224156	8	7	1	-6.73310090249065
chr12	59556052	84615526	0.486056567456536	15795	0.0842517047226785	1.11444015769286	678487	0.399610335220751	6	3	3	-6.7906304233534
chr12	84615528	84615689	0.0989334087675187	11	0.144172876026728	0.419578238414666	14	0.128377812091353	10	9	1	-6.74569038122984
chr12	84616674	125088729	0.475521339132157	25523	0.0851906024131907	1.10025492895424	1098641	0.395624123802972	6	3	3	-6.79253452642552
chr12	125089963	125090384	0.10240321495738	9	0.0564220209177626	1.90757077221691	21	0.636550596500201	10	9	1	-6.73351172747963
chr12	125094039	132240922	0.496754369388931	7306	0.0848963046212874	1.21775024553122	198069	0.448231498138231	6	3	3	-6.98011724262512
chr12	132240982	132241779	0.330791004865097	13	0.168760982548601	3.50851988994867	148	2.65681590704497	18	12	6	-6.73318698249686
chr12	132243232	132381811	0.498888711743166	283	0.0908756015621148	1.29890190140293	4175	0.487727897386821	8	4	4	-6.7375543625166
chr12	132382317	132394526	0.16540862857768	27	0.127145585845518	1.34729799483456	369	0.561708412311835	6	5	1	-6.73427030153501
chr12	132397135	133264810	0.498849996146494	1008	0.0918508002818755	1.24176732034317	24829	0.468833697845457	6	3	3	-6.77238772426971
chr13	16000272	16165679	0.496147115125245	624	0.132463372307155	1.49888171250259	5051	0.640625559229173	8	4	4	-6.73376249895132
chr13	16165683	16227694	0.189462673691234	131	0.131017680222281	4.04851987327602	653	3.34064150167462	16	13	3	-6.73348376745589
chr13	16229019	17693049	0.413995346150363	2622	0.15140609052288	1.28945427872018	25757	1.01874985132964	7	4	3	-6.73889036209689
chr13	17704349	18046066	0.31838790843137	321	0.13873844132484	1.27735832727926	4286	1.2085936036316	6	4	2	-6.74399092025165
chr13	18047578	22942241	0.409807082323189	3392	0.10381876697682	1.00694342984936	119683	0.4320057722586	5	3	2	-6.89496287020189
chr13	22942638	22964751	0.301775832549845	129	0.0985582059558732	1.07412779050689	708	0.376309149128482	7	5	2	-6.75041946881752
chr13	22964782	24387687	0.498847702217653	1824	0.101171546820839	0.989930450018756	37003	0.3976673109199	6	3	3	-6.78397349608766
chr13	24387897	24389811	0.169292770101074	74	0.0752655535702699	0.997724547087313	128	0.240304002325106	6	5	1	-6.73343020802101
chr13	24389937	63029172	0.498918055584332	26978	0.10025701714627	0.970432173562629	972446	0.39766232450539	5	3	2	-7.81445756597689
chr13	63029289	63071125	0.376512923215516	334	0.0962643332744944	1.10215438340506	1491	0.409324580828403	8	5	3	-6.74459074080255
chr13	63072870	114352755	0.498924454464786	38549	0.101162360406012	0.956293674102215	1288663	0.390271965255703	5	3	2	-7.71400023862525
chr14	16024678	16403718	0.493982837535499	657	0.106806442588875	1.15787646926421	2502	0.333545278957022	6	3	3	-6.74209608760608
chr14	18224769	72503879	0.303523808819853	34118	0.112461867774039	1.15907211488777	1357797	0.522210105056312	6	4	2	-7.18152180544205
chr14	72504254	72881422	0.351751268154488	358	0.114245136505336	0.591806986399939	9802	0.198553894121372	3	2	1	-6.78136266157273
chr14	72881993	73519196	0.248638002198682	461	0.115900985590343	0.789307616856528	16817	0.293508324288573	4	3	1	-6.7614865107235
chr14	73528753	76334512	0.225051943933448	1317	0.102977658229157	0.750632843893741	74636	0.269841781131714	4	3	1	-6.79180856548106
chr14	76335577	78462680	0.225239810827461	1334	0.100977820286586	1.04676527098769	58000	0.36668597425102	6	5	1	-6.93766858116361
chr14	78463743	78727347	0.215840951673101	220	0.102767597717969	0.753740249264154	7095	0.249026448903242	4	3	1	-6.80635156908481
chr14	78727665	82558352	0.215018032525253	2177	0.101840903722303	1.02462834029428	102477	0.370223130251942	6	5	1	-6.92527903298524
chr14	82566330	83026939	0.234793916120293	356	0.107022414247895	0.792299099721497	12449	0.311777837041685	4	3	1	-6.76700408783896
chr14	83037998	105573828	0.225035208409979	10259	0.102290911539511	1.13742845139389	604171	0.42166895224078	6	5	1	-7.04297712533118
chr14	105574055	106259561	0.278818730623007	704	0.120149447186293	1.31406709928636	19152	0.529566860607101	7	5	2	-6.73688490299858
chr14	106260266	106366485	0.382736995319085	493	0.100202841284767	1.28630248380774	3529	0.394631786333767	8	5	3	-6.74244758079634
chr14	106366641	106832265	0.22125743287215	382	0.109983798328632	1.26825781938773	11295	0.475680413165748	8	6	2	-6.79845652241398
chr15	17024642	18911412	0.409724782332392	363	0.125041500074128	1.20018230056187	3474	0.598542028674195	7	4	3	-6.75774249093501
chr15	19043576	101980992	0.335824438129057	55620	0.107743834721041	1.03580224828747	2061922	0.403084807506308	6	4	2	-7.46910499469814
chr16	17386	34064699	0.343719034228322	25871	0.111632249643357	1.06138197231466	819025	0.424214638051592	6	4	2	-6.82406871533173
chr16	34064724	34099294	0.375951593950869	99	0.124722780620751	1.34713788578646	1721	0.449578446790308	8	5	3	-6.73364147392367
chr16	34102584	34574954	0.349428879263736	683	0.109004016146963	1.15509259021927	6687	0.459522935852792	6	4	2	-6.74952422677491
chr16	34575351	36312204	0.49875151007132	793	0.119660732011529	0.931737359767746	44162	0.335990655684646	6	3	3	-6.9552925366404
chr16	36314793	36317611	0.115887762566067	14	0.111028582598564	0.697405812290065	72	0.762071961363082	9	8	1	-6.73588519937296
chr16	36318286	36787992	0.372696673320373	105	0.127532047254496	1.16187014774438	714	0.746136953049142	8	5	3	-6.75861424652503
chr16	36901615	90201048	0.422112180102686	37028	0.108073295806306	0.939570181788919	1148586	0.356239413683462	5	3	2	-7.00407707716347
chr17	117165	323050	0.491327400703715	402	0.113796969565338	1.31293058226196	6011	0.66466363284817	8	4	4	-6.73941695016461
chr17	323506	21305005	0.498942341145022	17081	0.0789918621767004	1.14771802828005	589030	0.394037155168654	6	3	3	-6.9324593553216
chr17	21305037	21308948	0.318830935024273	42	0.117481807225783	1.1980507936299	167	0.393268447939657	6	4	2	-6.74300754581468
chr17	21309002	21667667	0.496484152783138	1292	0.102979383344152	1.22630031279107	11781	0.383253624446879	6	3	3	-6.75359659968789
chr17	21667713	21682110	0.459165187241292	174	0.076666708769881	1.32026047607727	690	0.348199267560911	11	6	5	-6.74732454768003
chr17	21682113	21684363	0.0527680448847906	30	0.110921578386372	1.10946129032326	59	0.371511515247409	18	17	1	-6.74494023733625
chr17	21684942	21841921	0.498775991876351	845	0.115416360902133	1.21394154945261	5038	0.366621815243202	6	3	3	-6.74103667791352
chr17	21844130	21877041	0.402508712597512	386	0.124359464516284	1.11533798834212	2099	0.320127702042387	5	3	2	-6.7411667548596
chr17	21877072	21878402	0.201700791570608	41	0.112097061600705	0.872985872526024	112	0.357012694491826	5	4	1	-6.73305216057071
chr17	21881476	21887240	0.305462275973636	22	0.119694524606513	1.29069383102131	276	0.417377655675505	10	7	3	-6.73641794540134
chr17	21894921	21896289	0.499289184314066	39	0.0930554011990045	0.882379402070246	81	0.395641119803051	4	2	2	-6.73325661505119
chr17	21896295	21904529	0.127145383224531	30	0.0500253269188052	0.97155397257076	44	0.229444262647236	8	7	1	-6.74858250986275
chr17	21906326	21906569	0.293287280920997	20	0.115188758132033	2.38423883013464	55	0.324238883960659	17	12	5	-6.73317409524859
chr17	21909744	21910324	0.49825988203621	24	0.139628693689547	0.724961711055472	35	0.212884246765721	4	2	2	-6.73312311827612
chr17	21917919	21921495	0.326045196878069	25	0.0626541565527247	2.14896260789216	41	0.64071609233389	12	8	4	-6.74177269529495
chr17	21921499	21981409	0.490483199046142	82	0.13310531994225	1.35224456534217	611	0.419820187191687	8	4	4	-6.73716528503429
chr17	21981488	21985486	0.127255897481741	19	0.135182743976463	1.97459000247829	124	0.889161857488252	8	7	1	-6.73337056524799
chr17	21986813	22130486	0.347098207573034	299	0.100030020970127	1.20753851359935	3140	0.408889235751699	6	4	2	-6.74874700189602
chr17	22130656	22744863	0.372669952539072	644	0.0875316083697787	1.18733810203899	17030	0.411105347347462	8	5	3	-6.82167532092383
chr17	22752885	23191648	0.438986244165149	105	0.141797782677167	1.16961392861339	2157	0.93925588520719	7	4	3	-6.73826114040433
chr17	23411982	25074734	0.309926061054434	35	0.157551554854196	1.5797552456572	363	2.41043440236025	10	7	3	-6.73856393412412
chr17	25101189	26341964	0.492376031182943	55	0.147650666073402	2.09046224182304	827	1.95332177791075	12	6	6	-6.73496409065318
chr17	26460154	26788458	0.496058089060205	461	0.124969358575828	1.00625088828793	6810	0.403864202595665	6	3	3	-6.74156476926031
chr17	26788461	26791211	0.14534241241023	58	0.0605885931216011	0.985072927329771	215	0.344013714515616	7	6	1	-6.73429099558995
chr17	26792042	26806317	0.491197925605305	81	0.0939159609227813	1.12183552961092	681	0.441686617598188	6	3	3	-6.73832894802139
chr17	26806458	26810361	0.420390954210454	106	0.104316945685889	1.07311007550916	247	0.305529239933534	7	4	3	-6.73763366192098
chr17	26810508	26811958	0.102829761884123	19	0.0457304587097174	1.16523595827252	75	0.285833453681061	10	9	1	-6.73630174077979
chr17	26812042	26867399	0.457858866144855	471	0.10403581212995	1.13820401893389	3105	0.320516731127991	7	4	3	-6.78357425350999
chr17	26867400	26940849	0.458717877204639	168	0.103040757146407	1.60902391226621	2232	0.479388504402228	11	6	5	-6.74293614591191
chr17	26943764	27008338	0.411936229518645	410	0.120490013428157	1.1355891708968	2557	0.362277203403902	7	4	3	-6.74855397987286
chr17	27008494	31925382	0.497024567699192	2762	0.0753795419839519	1.07606586768565	137312	0.368307298993385	6	3	3	-6.73825281043333
chr17	31962140	32135641	0.209181031932603	24	0.126919779525425	1.08145944675365	4802	0.378571123384781	5	4	1	-6.75695926660947
chr17	32169795	36154379	0.466348202765063	2934	0.0751520890753422	1.11778120060102	112273	0.373460643082375	6	3	3	-6.86083195945127
chr17	36155739	36450016	0.404761113317939	199	0.112838351768204	1.10338869976856	5008	0.382102720213507	5	3	2	-6.7784885345257
chr17	36450176	83243083	0.498949825214134	28061	0.0794850375049126	1.06482767058055	1288700	0.366121794641615	6	3	3	-6.85674675569856
chr18	10659	157966	0.345420543017632	331	0.121825006381301	1.23961068199336	4298	0.565069120571777	6	4	2	-6.74288954859012
chr18	158795	15410736	0.481960498722575	13769	0.0792100577586425	1.26516071943293	429333	0.45331374012364	7	4	3	-6.99352234842481
chr18	15467190	18493534	0.27374246379025	446	0.139907831608139	1.36910139282911	4810	1.22436664055235	7	5	2	-6.74435329634497
chr18	18518962	20958872	0.363907535500331	247	0.144654158877386	1.32478460740833	3662	1.05771167814437	8	5	3	-6.74804336003668
chr18	20960676	79771107	0.498957789505504	44616	0.0758561797792832	1.31534917320659	1642504	0.476291903974604	7	4	3	-7.3725784204872
chr18	79771177	79771447	0.128240251908342	12	0.135267047880939	5.17777594098907	64	2.53430417717574	8	7	1	-6.73324322834656
chr18	79771468	80261792	0.478116715742208	466	0.0950185066899889	1.39532301211025	14174	0.541598651423001	8	4	4	-6.76637820203783
chr19	75041	24908226	0.376587990044562	16925	0.109871799231719	1.04042772776327	628180	0.437005100318737	6	4	2	-6.99494721813429
chr19	27241144	58607249	0.309158893844169	26244	0.108665572780333	0.959370201238411	816740	0.383828518110143	5	3	2	-7.46546006923734
chr20	60601	144480	0.44239436962559	115	0.0855167020589838	0.70947887892611	2476	0.273017491304284	5	3	2	-6.91587126597891
chr20	147311	20281711	0.498921881366262	15525	0.0946842992498551	0.667666659208861	496219	0.262576340295668	4	2	2	-7.84271284993079
chr20	20282895	26077360	0.498873216263197	3724	0.0978973570672006	0.796554681303152	142337	0.302581470335574	4	2	2	-7.01957286832056
chr20	26078456	28045573	0.496077419528691	450	0.133062844807074	0.840013528799639	9215	0.414835242247141	4	2	2	-6.86892551671394
chr20	28105847	28318793	0.166729612197854	34	0.119185713920973	1.9267551866597	179	0.614405801656596	12	10	2	-6.73815552508388
chr20	28336941	28555790	0.346326252941588	142	0.137681933650211	0.796714590674956	1023	0.806857610804785	6	4	2	-6.75781775791829
chr20	28556042	28770769	0.498825653140549	1073	0.0986640485063649	0.977761545931592	5391	0.289354277808426	6	3	3	-6.7516255098574
chr20	28771554	28793145	0.372459930761421	286	0.10456531290062	0.870763419905827	1012	0.260518024801897	5	3	2	-6.77594330260585
chr20	28798751	29248661	0.387061658200271	2365	0.106984717613911	0.948476049008368	12149	0.278867595141295	5	3	2	-6.74828657521115
chr20	29256975	29268653	0.499123908167944	240	0.0695801495442466	0.966411597933785	744	0.200820709755799	6	3	3	-6.73568958694138
chr20	29268735	29268816	0.0848680592199121	9	0.0598660541913733	0.754036620969207	12	0.0634327966983145	12	11	1	-6.74671605574534
chr20	29268856	29288263	0.495416992282869	221	0.0634898385972179	0.883895358299316	744	0.284183027381362	4	2	2	-6.74152108451982
chr20	29288384	29288489	0.291057437267429	12	0.0253811848709737	0.445599669894515	15	0.0233845695970248	7	5	2	-6.87801857851273
chr20	29288638	29738190	0.496545014093407	2317	0.103303068404739	0.904292363029246	15310	0.282754975433501	6	3	3	-6.85058625248842
chr20	29739165	29742057	0.349511402589753	14	0.128311627011638	0.755973218736428	112	0.263013057937113	3	2	1	-6.74389820958328
chr20	29742097	29880563	0.498808237239429	869	0.107347438619926	0.933367226184979	5208	0.297636057391852	6	3	3	-6.75593199055369
chr20	29880834	29886351	0.380131615730876	109	0.108594937803195	0.957078997499308	380	0.257656484634938	8	5	3	-6.74291238779986
chr20	29886395	29889235	0.477721194963441	100	0.0581307225921965	1.07511725894712	195	0.289539509424609	19	10	9	-6.7633577042089
chr20	29889824	30138360	0.249600908735325	173	0.134451431095266	0.918820242303904	1459	0.399868879510201	4	3	1	-6.78280276121618
chr20	30148907	30186967	0.494625721116367	125	0.0950831337440066	0.848713121955337	1282	0.274571495372278	4	2	2	-6.74197255541145
chr20	30187381	30200328	0.323265053555352	88	0.125216927756854	0.738094088914761	444	0.217049845402709	3	2	1	-6.7524930245319
chr20	30200435	30750083	0.414090265954357	923	0.110108626434119	0.86721910056181	15086	0.289807383355765	5	3	2	-6.75138554665413
chr20	30812014	30813573	0.310573435837617	53	0.0940855229636833	1.23477482109544	121	0.231808397892167	13	9	4	-6.74077911951065
chr20	30813612	31001464	0.366522464098704	1484	0.0946084659455829	0.949974346097865	7521	0.271968775383315	5	3	2	-6.81181634654204
chr20	31052001	64331538	0.314966193561772	21083	0.106983242764874	0.792814231363569	878994	0.277930152202545	4	3	1	-8.37067014980822
chr21	5030521	5273483	0.491999414358454	397	0.106397873177694	1.10952221140144	3479	0.389029117665982	6	3	3	-6.73668485019005
chr21	5273529	5285252	0.0205327257183883	15	0.110840211028996	1.36729344758637	177	0.822449653098828	7	7	0	-6.75083582127674
chr21	5289724	5327822	0.402333548134027	391	0.122783331903069	1.04700820608642	1501	0.580949544614263	5	3	2	-6.7345096770147
chr21	5327949	5329333	0.37801541716017	22	0.155329505926129	1.71731093875073	74	0.535126846595671	8	5	3	-6.73329152654706
chr21	5329385	5393000	0.431006805816628	245	0.123099497764816	1.01251753020668	1595	0.467101139230765	7	4	3	-6.74235391428491
chr21	6125365	7235470	0.352655984622143	97	0.130953727957548	1.34988831481837	1713	0.679870415727194	8	5	3	-6.75885855286561
chr21	7235509	7261814	0.456423096383784	538	0.0888316057117608	1.10779416701309	1932	0.311429851039493	9	5	4	-6.76826145235672
chr21	7262514	7324128	0.196496692640893	146	0.10741829644413	1.10477561652712	1753	0.392313115179347	5	4	1	-6.74320359551524
chr21	7324482	8812193	0.369783030125409	1129	0.113139519690922	1.00868441457664	8889	0.372932173062497	6	4	2	-6.83231122962625
chr21	8812292	8815602	0.361212019070435	30	0.0804443192882327	0.680453095314491	72	0.258337933852721	11	7	4	-6.76801056066854
chr21	8816248	9037089	0.37254212916028	680	0.102910598800144	1.09958461684985	3407	0.305547176331972	6	4	2	-6.81656841080629
chr21	9037648	9042013	0.292829163015135	43	0.106858544888677	0.811005290054044	153	0.371350301520853	7	5	2	-6.73909984354752
chr21	9042100	10043556	0.493903379651711	1765	0.125760220497909	1.09406791471016	19529	0.530163329055476	6	3	3	-6.73445330391717
chr21	10044264	10438294	0.354371261864429	1206	0.100223109011146	1.24116749137483	10010	0.34824254469255	6	4	2	-6.79009099317466
chr21	10438412	10467321	0.380897040244409	290	0.0870621339346489	1.136865039005	1858	0.181188496514743	8	5	3	-6.76728114194401
chr21	10467458	10564985	0.339112156877426	267	0.108681670615907	1.2582521256814	3415	0.348024224733846	6	4	2	-6.74418912831471
chr21	10565746	10814535	0.489684470976805	1569	0.112510852298894	1.06176449638417	13294	0.222006508946823	6	3	3	-6.74034652590409
chr21	12966046	13517090	0.328612318898574	302	0.102736091919819	1.36157331755112	12772	0.491478550086634	9	6	3	-6.78002804578041
chr21	13518145	13917725	0.498805685358381	559	0.096412294935371	1.4083985182397	6698	0.54052621055107	8	4	4	-6.73394879629725
chr21	13918091	46699658	0.494701631603893	25915	0.0809375939241339	1.34081617690128	947698	0.450073246860733	8	4	4	-7.31229896124592
chr22	10557962	10775689	0.455058375825764	1098	0.1130732041018	1.0912357400527	5661	0.333402907222068	7	4	3	-6.79291221213226
chr22	10775691	11128943	0.498808934073187	937	0.104557482531419	1.18224846953573	5488	0.283074221794458	6	3	3	-6.75001328848976
chr22	11128973	12282425	0.498763497992261	2084	0.134542428226198	1.23208323693519	19739	0.60742716546054	6	3	3	-6.76057405556901
chr22	12282485	12706465	0.489171254200917	1956	0.123565807053978	1.07127230192831	10923	0.351105940200023	6	3	3	-6.7383412574051
chr22	12706477	12900852	0.441194068176839	270	0.126478986646238	0.996506229981959	1134	0.575718222946547	7	4	3	-6.75977326221108
chr22	15158909	50807831	0.323783725143024	25551	0.110162855581353	0.919828099670766	895059	0.353735938694718	5	3	2	-7.02966188347143
chrX	29938	3429621	0.474782824763294	3949	0.101457396553289	1.30208783892573	84730	0.584767493695576	8	4	4	-6.84149122670937
chrX	3524443	9302312	0.026380496079251	39	0.106806135625663	1.22981797656102	126555	0.661278523465705	7	7	0	-6.77481109263236
chrX	9388915	9414345	0.498578479246778	97	0.135342583489079	1.13065163352163	749	0.497891676890231	6	3	3	-6.73317319690489
chrX	9486611	60986088	0.0137987422757365	573	0.171575024257892	1.2146654441862	1099810	0.63524181611132	7	7	0	-6.89771911504836
chrX	61067377	62514955	0.312146374491357	111	0.112552827891347	1.27566537185903	965	0.773713552862928	7	5	2	-6.76443784462945
chrX	62611249	74167296	0.0211144032977306	138	0.180146222212237	1.23158935676416	253814	0.644751106525577	7	7	0	-6.75798742851224
chrX	74583034	74583402	0.353711398173247	28	0.0532359726413333	0.719965120216556	35	0.166249094266819	14	9	5	-6.74851145998641
chrX	74687480	89204511	0.0342828836479221	200	0.162249766436019	1.25332233997101	329342	0.65463959985786	7	7	0	-6.7622280261825
chrX	89204633	89207501	0.422140631833788	36	0.0892166793431356	1.24587266374172	164	0.644304880813712	7	4	3	-6.73634959092892
chrX	89229528	118295587	0.0234757969959041	383	0.139110695638595	1.23668902477098	643266	0.660954303388854	7	7	0	-6.78050862911221
chrX	118295602	120389539	0.498617380948597	92	0.138813284832062	1.17750027529176	46470	0.582668222725026	6	3	3	-6.75440760203306
chrX	120463994	136787033	0.0466750304059511	128	0.16111212212515	1.21693913258315	365793	0.632389007434487	7	7	0	-6.82848044161954
chrX	136873837	136978782	0.373166759702758	17	0.0637644447303096	1.2324184870435	2496	0.563305686122123	8	5	3	-6.73912279465936
chrX	137223946	140136499	0.00844648741553378	23	0.130961766137004	1.22733316072714	66285	0.643522312030148	7	7	0	-6.74026781128274
chrX	140215588	141906091	0.0665295900837475	60	0.175269445514823	1.24297955135555	34417	0.663143706833216	7	7	0	-6.81593626245935
chrX	142019875	155672893	0.0179477059949842	120	0.157324152645429	1.24381755381266	291877	0.660113337182285	7	7	0	-6.74942438147347
chrX	155703852	156029560	0.498852699660391	373	0.0893972602832763	1.31963397387757	9395	0.472900989494949	8	4	4	-6.74131360321733
chrY	2785817	3852852	0.148298384655466	200	0.12393777981847	1.30357239427995	22544	0.753360376895751	7	6	1	-6.73444442500105
chrY	3853113	6535237	0.489540484924794	143	0.167350010757872	1.31507505689886	50659	0.747645583455549	8	4	4	-6.76420106141971
chrY	6535545	8978069	0.0880800650963978	47	0.147235955041506	1.35120916201007	53324	0.724648198959639	8	7	1	-6.78736872649691
chrY	9108589	10107865	0.490510488153554	153	0.160692088960286	1.34941653381306	14359	0.742803738958398	8	4	4	-6.74115128281518
chrY	10108374	10114694	0.498830899747194	24	0.109145959978875	1.06048837985078	175	0.679544226809761	6	3	3	-6.73310529333041
chrY	10114709	10224335	0.445389502335344	207	0.141698309479796	1.3686516778571	2962	0.691889979143586	9	5	4	-6.737394194078
chrY	10224365	10244495	0.361391146989209	28	0.107255831972268	1.33572636658286	560	0.592166514315518	11	7	4	-6.73892911963331
chrY	10624833	10624986	0.358167318786125	11	0.0652109862467416	1.61928536843495	14	0.0652491421357442	14	9	5	-6.73750203854167
chrY	10625480	10625610	0.0275327535643255	14	0.0221731448299142	3.06919897715874	17	0.769318166415216	1	1	0	-7.09132012795901
chrY	10627616	10693991	0.354789903317035	496	0.128020613116396	1.50319984715231	2545	0.825729764319725	11	7	4	-6.74077711847292
chrY	10744232	11086559	0.40069696704309	831	0.147238078270165	1.47834888753274	14047	0.795763187328543	10	6	4	-6.74675825729195
chrY	11087782	11095492	0.1613727277826	48	0.132340655892767	1.24206325935107	266	0.602070913507266	6	5	1	-6.73465182849291
chrY	11095511	11186734	0.419899716554319	402	0.121270410652578	1.3797306871461	2907	0.594851633788158	7	4	3	-6.73725428519177
chrY	11190145	11195274	0.138853230809434	17	0.100921416720839	1.42679374129125	151	0.767623985857958	7	6	1	-6.73458914743693
chrY	11196279	11325551	0.352429767557181	891	0.11976419753893	1.33472752289696	7138	0.56207264720555	8	5	3	-6.75665125437547
chrY	11325594	11346635	0.334803626505241	286	0.129841832567476	1.99773564249871	1841	0.687667616174243	12	8	4	-6.73328132871985
chrY	11346980	12369662	0.483786175802453	1369	0.136278786794851	1.36103613996861	26241	0.747143452031979	8	4	4	-6.74628873675042
chrY	12410061	20014929	0.00647643852613611	53	0.0933732463555714	1.31919496473044	132483	0.744789692962696	7	7	0	-6.74541235441453
chrY	20062976	20349437	0.41425801276866	386	0.132829229966489	1.33089917990209	3988	0.633709947009402	7	4	3	-6.74104960905345
chrY	20349585	26403100	0.0222880404328194	47	0.147020614386484	1.33480515615652	38901	0.751834882474406	7	7	0	-6.75969011094742
chrY	26403199	26563295	0.407846176259671	74	0.137577623742415	1.36619943133551	3710	0.865094322842282	10	6	4	-6.74527508530798
chrY	26563334	26641366	0.148044085935971	39	0.163089867843629	1.49300634329349	2091	0.780942813361964	7	6	1	-6.73537871837929
chrY	26641419	56682038	0.318103237903327	481	0.129076826333494	1.31696498252927	2764	0.769936761356927	7	5	2	-6.80472465899223
chrY	56684099	56753141	0.498480081923776	89	0.150678373250692	1.539244306667	2001	1.54209281519472	8	4	4	-6.73314754871644
chrY	56753244	56828013	0.477738745317917	139	0.1137679098702	1.66693265233649	1031	0.861534858589517	13	7	6	-6.7523826487432
chrY	56828075	56828334	0.283456329899348	13	0.0982226669750537	1.98609210024374	28	0.869927755773173	14	10	4	-6.73345189919027
chrY	56828465	56848104	0.319871077073398	417	0.0827589213381787	1.27918481851386	2749	0.219129898772122	6	4	2	-6.75639051064561
chrY	56848302	56887228	0.385585805968424	472	0.0908319367400272	1.18627205858114	2549	0.26058058848226	8	5	3	-6.75488623098239
