chrom	start	end	tcn.em	sample
1	13300	57264	1	CN2_2b_CKDN200005067-1A_H5T7VDSXY_L1
1	57500	2606566	3	CN2_2b_CKDN200005067-1A_H5T7VDSXY_L1
1	2606770	2688292	1	CN2_2b_CKDN200005067-1A_H5T7VDSXY_L1
1	2695663	2758500	1	CN2_2b_CKDN200005067-1A_H5T7VDSXY_L1
1	2768000	5912300	2	CN2_2b_CKDN200005067-1A_H5T7VDSXY_L1
1	5913505	6146300	4	CN2_2b_CKDN200005067-1A_H5T7VDSXY_L1
1	6147500	11607700	3	CN2_2b_CKDN200005067-1A_H5T7VDSXY_L1
1	11607976	12570500	4	CN2_2b_CKDN200005067-1A_H5T7VDSXY_L1
1	12571100	13247200	3	CN2_2b_CKDN200005067-1A_H5T7VDSXY_L1
1	13260200	15088038	2	CN2_2b_CKDN200005067-1A_H5T7VDSXY_L1
1	15090583	15213958	3	CN2_2b_CKDN200005067-1A_H5T7VDSXY_L1
1	15214902	16863923	3	CN2_2b_CKDN200005067-1A_H5T7VDSXY_L1
1	16864023	16948870	5	CN2_2b_CKDN200005067-1A_H5T7VDSXY_L1
1	16949600	17100431	4	CN2_2b_CKDN200005067-1A_H5T7VDSXY_L1
1	17100808	41496800	3	CN2_2b_CKDN200005067-1A_H5T7VDSXY_L1
1	41497283	42878961	4	CN2_2b_CKDN200005067-1A_H5T7VDSXY_L1
1	42881198	47130600	3	CN2_2b_CKDN200005067-1A_H5T7VDSXY_L1
1	47131212	50219400	2	CN2_2b_CKDN200005067-1A_H5T7VDSXY_L1
1	50220400	55757400	3	CN2_2b_CKDN200005067-1A_H5T7VDSXY_L1
1	55760466	55770136	2	CN2_2b_CKDN200005067-1A_H5T7VDSXY_L1
1	55775300	55842684	1	CN2_2b_CKDN200005067-1A_H5T7VDSXY_L1
1	55844400	58065962	2	CN2_2b_CKDN200005067-1A_H5T7VDSXY_L1
1	58067653	60113239	3	CN2_2b_CKDN200005067-1A_H5T7VDSXY_L1
1	60114600	63625623	3	CN2_2b_CKDN200005067-1A_H5T7VDSXY_L1
1	63626400	67055780	3	CN2_2b_CKDN200005067-1A_H5T7VDSXY_L1
1	67056422	67286405	3	CN2_2b_CKDN200005067-1A_H5T7VDSXY_L1
1	67288345	71724589	3	CN2_2b_CKDN200005067-1A_H5T7VDSXY_L1
1	71725100	75401741	2	CN2_2b_CKDN200005067-1A_H5T7VDSXY_L1
1	75402673	78443426	3	CN2_2b_CKDN200005067-1A_H5T7VDSXY_L1
1	78444584	83791460	2	CN2_2b_CKDN200005067-1A_H5T7VDSXY_L1
1	83792268	92424900	3	CN2_2b_CKDN200005067-1A_H5T7VDSXY_L1
1	92425200	95113528	3	CN2_2b_CKDN200005067-1A_H5T7VDSXY_L1
1	95113800	101625394	3	CN2_2b_CKDN200005067-1A_H5T7VDSXY_L1
1	101626377	108229527	3	CN2_2b_CKDN200005067-1A_H5T7VDSXY_L1
1	108250489	112148400	3	CN2_2b_CKDN200005067-1A_H5T7VDSXY_L1
1	112149095	112162000	1	CN2_2b_CKDN200005067-1A_H5T7VDSXY_L1
1	112162438	115305400	3	CN2_2b_CKDN200005067-1A_H5T7VDSXY_L1
1	115306600	119576430	3	CN2_2b_CKDN200005067-1A_H5T7VDSXY_L1
1	119577101	120575900	3	CN2_2b_CKDN200005067-1A_H5T7VDSXY_L1
1	120582100	120928800	7	CN2_2b_CKDN200005067-1A_H5T7VDSXY_L1
1	120942596	121112100	3	CN2_2b_CKDN200005067-1A_H5T7VDSXY_L1
1	121113100	125178400	1	CN2_2b_CKDN200005067-1A_H5T7VDSXY_L1
1	125178700	143264100	1	CN2_2b_CKDN200005067-1A_H5T7VDSXY_L1
1	143264300	153634300	5	CN2_2b_CKDN200005067-1A_H5T7VDSXY_L1
1	153654600	155715700	4	CN2_2b_CKDN200005067-1A_H5T7VDSXY_L1
1	155734145	158664500	2	CN2_2b_CKDN200005067-1A_H5T7VDSXY_L1
1	158695081	167592259	5	CN2_2b_CKDN200005067-1A_H5T7VDSXY_L1
1	167600200	219566565	2	CN2_2b_CKDN200005067-1A_H5T7VDSXY_L1
1	219586500	219952600	9	CN2_2b_CKDN200005067-1A_H5T7VDSXY_L1
1	220007100	220333387	3	CN2_2b_CKDN200005067-1A_H5T7VDSXY_L1
1	220333754	221757910	7	CN2_2b_CKDN200005067-1A_H5T7VDSXY_L1
1	221814151	222007376	9	CN2_2b_CKDN200005067-1A_H5T7VDSXY_L1
1	222014700	223085900	6	CN2_2b_CKDN200005067-1A_H5T7VDSXY_L1
1	223133800	223393881	2	CN2_2b_CKDN200005067-1A_H5T7VDSXY_L1
1	223409411	225033200	5	CN2_2b_CKDN200005067-1A_H5T7VDSXY_L1
1	225066800	248944400	2	CN2_2b_CKDN200005067-1A_H5T7VDSXY_L1
2	740580	87094919	3	CN2_2b_CKDN200005067-1A_H5T7VDSXY_L1
2	87341100	94505600	6	CN2_2b_CKDN200005067-1A_H5T7VDSXY_L1
2	94512800	240786700	3	CN2_2b_CKDN200005067-1A_H5T7VDSXY_L1
3	17200	6381300	3	CN2_2b_CKDN200005067-1A_H5T7VDSXY_L1
3	6389379	11334900	2	CN2_2b_CKDN200005067-1A_H5T7VDSXY_L1
3	11453271	17049400	3	CN2_2b_CKDN200005067-1A_H5T7VDSXY_L1
3	17104600	54916401	2	CN2_2b_CKDN200005067-1A_H5T7VDSXY_L1
3	54938254	59821457	3	CN2_2b_CKDN200005067-1A_H5T7VDSXY_L1
3	59921015	75433618	2	CN2_2b_CKDN200005067-1A_H5T7VDSXY_L1
3	75490657	75706429	3	CN2_2b_CKDN200005067-1A_H5T7VDSXY_L1
3	75727600	79946633	2	CN2_2b_CKDN200005067-1A_H5T7VDSXY_L1
3	80055300	89639540	3	CN2_2b_CKDN200005067-1A_H5T7VDSXY_L1
3	89670692	98050480	4	CN2_2b_CKDN200005067-1A_H5T7VDSXY_L1
3	98053100	98238695	4	CN2_2b_CKDN200005067-1A_H5T7VDSXY_L1
3	98241374	98762600	5	CN2_2b_CKDN200005067-1A_H5T7VDSXY_L1
3	98765615	99071923	5	CN2_2b_CKDN200005067-1A_H5T7VDSXY_L1
3	99072715	101109800	4	CN2_2b_CKDN200005067-1A_H5T7VDSXY_L1
3	101110400	102189545	4	CN2_2b_CKDN200005067-1A_H5T7VDSXY_L1
3	102191800	108724785	4	CN2_2b_CKDN200005067-1A_H5T7VDSXY_L1
3	108725517	108846866	3	CN2_2b_CKDN200005067-1A_H5T7VDSXY_L1
3	108849903	111208843	3	CN2_2b_CKDN200005067-1A_H5T7VDSXY_L1
3	111209259	111276800	3	CN2_2b_CKDN200005067-1A_H5T7VDSXY_L1
3	111277141	113818900	4	CN2_2b_CKDN200005067-1A_H5T7VDSXY_L1
3	113819900	116533700	4	CN2_2b_CKDN200005067-1A_H5T7VDSXY_L1
3	116534646	117688844	3	CN2_2b_CKDN200005067-1A_H5T7VDSXY_L1
3	117691157	118681300	3	CN2_2b_CKDN200005067-1A_H5T7VDSXY_L1
3	118682300	119436200	3	CN2_2b_CKDN200005067-1A_H5T7VDSXY_L1
3	119436600	125393200	4	CN2_2b_CKDN200005067-1A_H5T7VDSXY_L1
3	125394481	125951500	4	CN2_2b_CKDN200005067-1A_H5T7VDSXY_L1
3	125951700	127928800	3	CN2_2b_CKDN200005067-1A_H5T7VDSXY_L1
3	127929800	129006033	4	CN2_2b_CKDN200005067-1A_H5T7VDSXY_L1
3	129006723	140889346	4	CN2_2b_CKDN200005067-1A_H5T7VDSXY_L1
3	140891476	143027814	4	CN2_2b_CKDN200005067-1A_H5T7VDSXY_L1
3	143028146	149109800	4	CN2_2b_CKDN200005067-1A_H5T7VDSXY_L1
3	149111600	149241806	3	CN2_2b_CKDN200005067-1A_H5T7VDSXY_L1
3	149243800	149253100	1	CN2_2b_CKDN200005067-1A_H5T7VDSXY_L1
3	149256200	153035100	4	CN2_2b_CKDN200005067-1A_H5T7VDSXY_L1
3	153038800	156443300	4	CN2_2b_CKDN200005067-1A_H5T7VDSXY_L1
3	156444698	161007600	4	CN2_2b_CKDN200005067-1A_H5T7VDSXY_L1
3	161008000	161033600	3	CN2_2b_CKDN200005067-1A_H5T7VDSXY_L1
3	161035639	161984391	4	CN2_2b_CKDN200005067-1A_H5T7VDSXY_L1
3	161987262	167915413	3	CN2_2b_CKDN200005067-1A_H5T7VDSXY_L1
3	167916258	172437286	4	CN2_2b_CKDN200005067-1A_H5T7VDSXY_L1
3	172437795	172595338	6	CN2_2b_CKDN200005067-1A_H5T7VDSXY_L1
3	172597300	173490031	5	CN2_2b_CKDN200005067-1A_H5T7VDSXY_L1
3	173492900	180208900	4	CN2_2b_CKDN200005067-1A_H5T7VDSXY_L1
3	180210500	182274704	3	CN2_2b_CKDN200005067-1A_H5T7VDSXY_L1
3	182275400	182747859	3	CN2_2b_CKDN200005067-1A_H5T7VDSXY_L1
3	182748200	185341500	4	CN2_2b_CKDN200005067-1A_H5T7VDSXY_L1
3	185343200	186151418	3	CN2_2b_CKDN200005067-1A_H5T7VDSXY_L1
3	186152100	190855300	4	CN2_2b_CKDN200005067-1A_H5T7VDSXY_L1
3	190855536	191322863	3	CN2_2b_CKDN200005067-1A_H5T7VDSXY_L1
3	191323100	194052300	3	CN2_2b_CKDN200005067-1A_H5T7VDSXY_L1
3	194052904	194974620	4	CN2_2b_CKDN200005067-1A_H5T7VDSXY_L1
3	194975695	195596900	3	CN2_2b_CKDN200005067-1A_H5T7VDSXY_L1
3	195597805	195726058	5	CN2_2b_CKDN200005067-1A_H5T7VDSXY_L1
3	195726273	198167400	5	CN2_2b_CKDN200005067-1A_H5T7VDSXY_L1
3	198167700	198191100	2	CN2_2b_CKDN200005067-1A_H5T7VDSXY_L1
4	15100	103600	5	CN2_2b_CKDN200005067-1A_H5T7VDSXY_L1
4	312200	49147979	4	CN2_2b_CKDN200005067-1A_H5T7VDSXY_L1
4	49148176	49333300	5	CN2_2b_CKDN200005067-1A_H5T7VDSXY_L1
4	49500990	49657473	1	CN2_2b_CKDN200005067-1A_H5T7VDSXY_L1
4	49709300	131674334	3	CN2_2b_CKDN200005067-1A_H5T7VDSXY_L1
4	131689806	131751300	8	CN2_2b_CKDN200005067-1A_H5T7VDSXY_L1
4	131823171	186689500	3	CN2_2b_CKDN200005067-1A_H5T7VDSXY_L1
4	186703040	188134200	2	CN2_2b_CKDN200005067-1A_H5T7VDSXY_L1
4	188179400	190119500	4	CN2_2b_CKDN200005067-1A_H5T7VDSXY_L1
5	11700	642800	4	CN2_2b_CKDN200005067-1A_H5T7VDSXY_L1
5	643700	684400	2	CN2_2b_CKDN200005067-1A_H5T7VDSXY_L1
5	685085	756197	1	CN2_2b_CKDN200005067-1A_H5T7VDSXY_L1
5	756525	892919	2	CN2_2b_CKDN200005067-1A_H5T7VDSXY_L1
5	895811	1055450	7	CN2_2b_CKDN200005067-1A_H5T7VDSXY_L1
5	1056400	1138700	1	CN2_2b_CKDN200005067-1A_H5T7VDSXY_L1
5	1139487	1169487	7	CN2_2b_CKDN200005067-1A_H5T7VDSXY_L1
5	1171583	1185000	1	CN2_2b_CKDN200005067-1A_H5T7VDSXY_L1
5	1185424	1298200	3	CN2_2b_CKDN200005067-1A_H5T7VDSXY_L1
5	1298530	1385500	7	CN2_2b_CKDN200005067-1A_H5T7VDSXY_L1
5	1386128	1713200	4	CN2_2b_CKDN200005067-1A_H5T7VDSXY_L1
5	1716883	2025900	1	CN2_2b_CKDN200005067-1A_H5T7VDSXY_L1
5	2026200	2277699	2	CN2_2b_CKDN200005067-1A_H5T7VDSXY_L1
5	2282454	2560900	1	CN2_2b_CKDN200005067-1A_H5T7VDSXY_L1
5	2561000	3667694	4	CN2_2b_CKDN200005067-1A_H5T7VDSXY_L1
5	3670202	4011400	7	CN2_2b_CKDN200005067-1A_H5T7VDSXY_L1
5	4013879	4223500	1	CN2_2b_CKDN200005067-1A_H5T7VDSXY_L1
5	4225613	4753200	7	CN2_2b_CKDN200005067-1A_H5T7VDSXY_L1
5	4757300	4938240	2	CN2_2b_CKDN200005067-1A_H5T7VDSXY_L1
5	4938500	5065700	5	CN2_2b_CKDN200005067-1A_H5T7VDSXY_L1
5	5069600	5332209	2	CN2_2b_CKDN200005067-1A_H5T7VDSXY_L1
5	5332900	5771541	8	CN2_2b_CKDN200005067-1A_H5T7VDSXY_L1
5	5772700	6674448	2	CN2_2b_CKDN200005067-1A_H5T7VDSXY_L1
5	6675693	7465623	7	CN2_2b_CKDN200005067-1A_H5T7VDSXY_L1
5	7468576	7769900	1	CN2_2b_CKDN200005067-1A_H5T7VDSXY_L1
5	7770900	7962750	8	CN2_2b_CKDN200005067-1A_H5T7VDSXY_L1
5	7966200	8229300	4	CN2_2b_CKDN200005067-1A_H5T7VDSXY_L1
5	8230135	8349300	1	CN2_2b_CKDN200005067-1A_H5T7VDSXY_L1
5	8350200	8803700	2	CN2_2b_CKDN200005067-1A_H5T7VDSXY_L1
5	8807600	8967604	4	CN2_2b_CKDN200005067-1A_H5T7VDSXY_L1
5	8968800	9613134	2	CN2_2b_CKDN200005067-1A_H5T7VDSXY_L1
5	9613570	9793300	4	CN2_2b_CKDN200005067-1A_H5T7VDSXY_L1
5	9793600	10460588	6	CN2_2b_CKDN200005067-1A_H5T7VDSXY_L1
5	10460884	10662700	8	CN2_2b_CKDN200005067-1A_H5T7VDSXY_L1
5	10664400	10851400	6	CN2_2b_CKDN200005067-1A_H5T7VDSXY_L1
5	10852540	10899921	5	CN2_2b_CKDN200005067-1A_H5T7VDSXY_L1
5	10900375	10922800	2	CN2_2b_CKDN200005067-1A_H5T7VDSXY_L1
5	10923627	11199800	4	CN2_2b_CKDN200005067-1A_H5T7VDSXY_L1
5	11202600	11630057	6	CN2_2b_CKDN200005067-1A_H5T7VDSXY_L1
5	11630942	12031280	5	CN2_2b_CKDN200005067-1A_H5T7VDSXY_L1
5	12032873	12847300	1	CN2_2b_CKDN200005067-1A_H5T7VDSXY_L1
5	12847500	12863700	7	CN2_2b_CKDN200005067-1A_H5T7VDSXY_L1
5	12865800	13044092	1	CN2_2b_CKDN200005067-1A_H5T7VDSXY_L1
5	13047300	13249965	3	CN2_2b_CKDN200005067-1A_H5T7VDSXY_L1
5	13250936	13264600	2	CN2_2b_CKDN200005067-1A_H5T7VDSXY_L1
5	13267500	13831901	5	CN2_2b_CKDN200005067-1A_H5T7VDSXY_L1
5	13833200	14032800	7	CN2_2b_CKDN200005067-1A_H5T7VDSXY_L1
5	14034770	14131285	6	CN2_2b_CKDN200005067-1A_H5T7VDSXY_L1
5	14131796	14465400	10	CN2_2b_CKDN200005067-1A_H5T7VDSXY_L1
5	14466100	15311100	3	CN2_2b_CKDN200005067-1A_H5T7VDSXY_L1
5	15313461	15737188	6	CN2_2b_CKDN200005067-1A_H5T7VDSXY_L1
5	15738003	15819681	9	CN2_2b_CKDN200005067-1A_H5T7VDSXY_L1
5	15821600	15898358	4	CN2_2b_CKDN200005067-1A_H5T7VDSXY_L1
5	15898700	15992058	3	CN2_2b_CKDN200005067-1A_H5T7VDSXY_L1
5	15994512	16143392	1	CN2_2b_CKDN200005067-1A_H5T7VDSXY_L1
5	16144500	16154800	5	CN2_2b_CKDN200005067-1A_H5T7VDSXY_L1
5	16156700	16401069	1	CN2_2b_CKDN200005067-1A_H5T7VDSXY_L1
5	16401153	16802900	3	CN2_2b_CKDN200005067-1A_H5T7VDSXY_L1
5	16803300	17517400	5	CN2_2b_CKDN200005067-1A_H5T7VDSXY_L1
5	17517675	17599500	18	CN2_2b_CKDN200005067-1A_H5T7VDSXY_L1
5	17599900	17828900	5	CN2_2b_CKDN200005067-1A_H5T7VDSXY_L1
5	17830700	18303500	3	CN2_2b_CKDN200005067-1A_H5T7VDSXY_L1
5	18305400	18685568	5	CN2_2b_CKDN200005067-1A_H5T7VDSXY_L1
5	18687800	18880100	9	CN2_2b_CKDN200005067-1A_H5T7VDSXY_L1
5	18881589	19265500	3	CN2_2b_CKDN200005067-1A_H5T7VDSXY_L1
5	19265943	19385815	1	CN2_2b_CKDN200005067-1A_H5T7VDSXY_L1
5	19387500	19826356	6	CN2_2b_CKDN200005067-1A_H5T7VDSXY_L1
5	19826754	19974400	2	CN2_2b_CKDN200005067-1A_H5T7VDSXY_L1
5	19975777	20357868	6	CN2_2b_CKDN200005067-1A_H5T7VDSXY_L1
5	20359600	20979900	4	CN2_2b_CKDN200005067-1A_H5T7VDSXY_L1
5	20982045	21408100	9	CN2_2b_CKDN200005067-1A_H5T7VDSXY_L1
5	21409900	21446100	3	CN2_2b_CKDN200005067-1A_H5T7VDSXY_L1
5	21446900	21750300	8	CN2_2b_CKDN200005067-1A_H5T7VDSXY_L1
5	21751622	21812300	3	CN2_2b_CKDN200005067-1A_H5T7VDSXY_L1
5	21815615	22845000	1	CN2_2b_CKDN200005067-1A_H5T7VDSXY_L1
5	22852288	23339100	3	CN2_2b_CKDN200005067-1A_H5T7VDSXY_L1
5	23342051	23621200	3	CN2_2b_CKDN200005067-1A_H5T7VDSXY_L1
5	23622383	24050400	3	CN2_2b_CKDN200005067-1A_H5T7VDSXY_L1
5	24050808	24261846	6	CN2_2b_CKDN200005067-1A_H5T7VDSXY_L1
5	24262200	24586000	4	CN2_2b_CKDN200005067-1A_H5T7VDSXY_L1
5	24588324	25013972	9	CN2_2b_CKDN200005067-1A_H5T7VDSXY_L1
5	25018105	25655151	13	CN2_2b_CKDN200005067-1A_H5T7VDSXY_L1
5	25657542	25926900	8	CN2_2b_CKDN200005067-1A_H5T7VDSXY_L1
5	25927742	26494645	13	CN2_2b_CKDN200005067-1A_H5T7VDSXY_L1
5	26496839	28327000	2	CN2_2b_CKDN200005067-1A_H5T7VDSXY_L1
5	28328051	30338127	2	CN2_2b_CKDN200005067-1A_H5T7VDSXY_L1
5	30340000	30930435	2	CN2_2b_CKDN200005067-1A_H5T7VDSXY_L1
5	30932900	34175162	3	CN2_2b_CKDN200005067-1A_H5T7VDSXY_L1
5	34178500	34197200	11	CN2_2b_CKDN200005067-1A_H5T7VDSXY_L1
5	34200657	34573300	3	CN2_2b_CKDN200005067-1A_H5T7VDSXY_L1
5	34573707	39894000	3	CN2_2b_CKDN200005067-1A_H5T7VDSXY_L1
5	39896554	45394750	3	CN2_2b_CKDN200005067-1A_H5T7VDSXY_L1
5	45395800	46625400	2	CN2_2b_CKDN200005067-1A_H5T7VDSXY_L1
5	46627900	47279000	1	CN2_2b_CKDN200005067-1A_H5T7VDSXY_L1
5	47289700	49673700	4	CN2_2b_CKDN200005067-1A_H5T7VDSXY_L1
5	49674300	50126900	1	CN2_2b_CKDN200005067-1A_H5T7VDSXY_L1
5	50134200	51906314	2	CN2_2b_CKDN200005067-1A_H5T7VDSXY_L1
5	51908400	52088059	2	CN2_2b_CKDN200005067-1A_H5T7VDSXY_L1
5	52091867	52541000	2	CN2_2b_CKDN200005067-1A_H5T7VDSXY_L1
5	52543491	55572275	3	CN2_2b_CKDN200005067-1A_H5T7VDSXY_L1
5	55572653	55710700	3	CN2_2b_CKDN200005067-1A_H5T7VDSXY_L1
5	55711464	57716000	3	CN2_2b_CKDN200005067-1A_H5T7VDSXY_L1
5	57716694	58402800	3	CN2_2b_CKDN200005067-1A_H5T7VDSXY_L1
5	58403138	59424400	3	CN2_2b_CKDN200005067-1A_H5T7VDSXY_L1
5	59424832	60072631	3	CN2_2b_CKDN200005067-1A_H5T7VDSXY_L1
5	60073497	61107000	3	CN2_2b_CKDN200005067-1A_H5T7VDSXY_L1
5	61107365	61188260	3	CN2_2b_CKDN200005067-1A_H5T7VDSXY_L1
5	61188800	61654591	3	CN2_2b_CKDN200005067-1A_H5T7VDSXY_L1
5	61654900	62613000	3	CN2_2b_CKDN200005067-1A_H5T7VDSXY_L1
5	62613537	62924475	2	CN2_2b_CKDN200005067-1A_H5T7VDSXY_L1
5	62925400	63079900	2	CN2_2b_CKDN200005067-1A_H5T7VDSXY_L1
5	63080741	64617600	2	CN2_2b_CKDN200005067-1A_H5T7VDSXY_L1
5	64618200	65788300	4	CN2_2b_CKDN200005067-1A_H5T7VDSXY_L1
5	65788609	65904700	3	CN2_2b_CKDN200005067-1A_H5T7VDSXY_L1
5	65904900	66134717	5	CN2_2b_CKDN200005067-1A_H5T7VDSXY_L1
5	66135900	67380348	3	CN2_2b_CKDN200005067-1A_H5T7VDSXY_L1
5	67380518	68581267	2	CN2_2b_CKDN200005067-1A_H5T7VDSXY_L1
5	68582040	69026700	3	CN2_2b_CKDN200005067-1A_H5T7VDSXY_L1
5	69026900	71327455	5	CN2_2b_CKDN200005067-1A_H5T7VDSXY_L1
5	71327800	72092700	3	CN2_2b_CKDN200005067-1A_H5T7VDSXY_L1
5	72093500	72605000	5	CN2_2b_CKDN200005067-1A_H5T7VDSXY_L1
5	72606047	73303900	3	CN2_2b_CKDN200005067-1A_H5T7VDSXY_L1
5	73304200	74078756	3	CN2_2b_CKDN200005067-1A_H5T7VDSXY_L1
5	74079304	74696581	3	CN2_2b_CKDN200005067-1A_H5T7VDSXY_L1
5	74696900	74884566	5	CN2_2b_CKDN200005067-1A_H5T7VDSXY_L1
5	74884883	75656800	3	CN2_2b_CKDN200005067-1A_H5T7VDSXY_L1
5	75657100	75844200	3	CN2_2b_CKDN200005067-1A_H5T7VDSXY_L1
5	75844281	76619031	2	CN2_2b_CKDN200005067-1A_H5T7VDSXY_L1
5	76619400	76842400	3	CN2_2b_CKDN200005067-1A_H5T7VDSXY_L1
5	76842633	77424928	3	CN2_2b_CKDN200005067-1A_H5T7VDSXY_L1
5	77424935	77646195	3	CN2_2b_CKDN200005067-1A_H5T7VDSXY_L1
5	77646400	77791900	3	CN2_2b_CKDN200005067-1A_H5T7VDSXY_L1
5	77792486	82576900	3	CN2_2b_CKDN200005067-1A_H5T7VDSXY_L1
5	82577300	82744200	3	CN2_2b_CKDN200005067-1A_H5T7VDSXY_L1
5	82745200	87480900	2	CN2_2b_CKDN200005067-1A_H5T7VDSXY_L1
5	87482200	87883100	3	CN2_2b_CKDN200005067-1A_H5T7VDSXY_L1
5	87883700	88679100	2	CN2_2b_CKDN200005067-1A_H5T7VDSXY_L1
5	88679800	90520700	2	CN2_2b_CKDN200005067-1A_H5T7VDSXY_L1
5	90521888	91236356	3	CN2_2b_CKDN200005067-1A_H5T7VDSXY_L1
5	91236800	91497800	3	CN2_2b_CKDN200005067-1A_H5T7VDSXY_L1
5	91498300	91621800	3	CN2_2b_CKDN200005067-1A_H5T7VDSXY_L1
5	91623000	95415054	3	CN2_2b_CKDN200005067-1A_H5T7VDSXY_L1
5	95415689	97020900	3	CN2_2b_CKDN200005067-1A_H5T7VDSXY_L1
5	97021276	97531068	3	CN2_2b_CKDN200005067-1A_H5T7VDSXY_L1
5	97533300	97691994	3	CN2_2b_CKDN200005067-1A_H5T7VDSXY_L1
5	97692133	99143700	3	CN2_2b_CKDN200005067-1A_H5T7VDSXY_L1
5	99143955	101936869	2	CN2_2b_CKDN200005067-1A_H5T7VDSXY_L1
5	101937913	102257738	2	CN2_2b_CKDN200005067-1A_H5T7VDSXY_L1
5	102258482	103513950	3	CN2_2b_CKDN200005067-1A_H5T7VDSXY_L1
5	103516600	106199700	2	CN2_2b_CKDN200005067-1A_H5T7VDSXY_L1
5	106200044	109777887	3	CN2_2b_CKDN200005067-1A_H5T7VDSXY_L1
5	109779993	109973944	2	CN2_2b_CKDN200005067-1A_H5T7VDSXY_L1
5	109974343	111369500	2	CN2_2b_CKDN200005067-1A_H5T7VDSXY_L1
5	111369722	111449200	2	CN2_2b_CKDN200005067-1A_H5T7VDSXY_L1
5	111449931	111646701	3	CN2_2b_CKDN200005067-1A_H5T7VDSXY_L1
5	111647200	112652885	3	CN2_2b_CKDN200005067-1A_H5T7VDSXY_L1
5	112653249	113148100	4	CN2_2b_CKDN200005067-1A_H5T7VDSXY_L1
5	113148564	115347517	3	CN2_2b_CKDN200005067-1A_H5T7VDSXY_L1
5	115347800	115770700	3	CN2_2b_CKDN200005067-1A_H5T7VDSXY_L1
5	115771227	116246353	3	CN2_2b_CKDN200005067-1A_H5T7VDSXY_L1
5	116246783	118749488	2	CN2_2b_CKDN200005067-1A_H5T7VDSXY_L1
5	118750300	120020138	2	CN2_2b_CKDN200005067-1A_H5T7VDSXY_L1
5	120020300	120244900	3	CN2_2b_CKDN200005067-1A_H5T7VDSXY_L1
5	120245919	120554213	3	CN2_2b_CKDN200005067-1A_H5T7VDSXY_L1
5	120554686	121065502	2	CN2_2b_CKDN200005067-1A_H5T7VDSXY_L1
5	121067046	121189300	2	CN2_2b_CKDN200005067-1A_H5T7VDSXY_L1
5	121190100	121579333	2	CN2_2b_CKDN200005067-1A_H5T7VDSXY_L1
5	121579869	123315465	3	CN2_2b_CKDN200005067-1A_H5T7VDSXY_L1
5	123316017	123548600	2	CN2_2b_CKDN200005067-1A_H5T7VDSXY_L1
5	123550707	126141316	2	CN2_2b_CKDN200005067-1A_H5T7VDSXY_L1
5	126141650	126360700	3	CN2_2b_CKDN200005067-1A_H5T7VDSXY_L1
5	126361300	126533200	3	CN2_2b_CKDN200005067-1A_H5T7VDSXY_L1
5	126533600	127374500	3	CN2_2b_CKDN200005067-1A_H5T7VDSXY_L1
5	127375264	127778300	3	CN2_2b_CKDN200005067-1A_H5T7VDSXY_L1
5	127778537	128942700	3	CN2_2b_CKDN200005067-1A_H5T7VDSXY_L1
5	128943450	129681000	2	CN2_2b_CKDN200005067-1A_H5T7VDSXY_L1
5	129681300	130701600	2	CN2_2b_CKDN200005067-1A_H5T7VDSXY_L1
5	130701700	132018122	3	CN2_2b_CKDN200005067-1A_H5T7VDSXY_L1
5	132018981	133167100	3	CN2_2b_CKDN200005067-1A_H5T7VDSXY_L1
5	133167613	134124261	3	CN2_2b_CKDN200005067-1A_H5T7VDSXY_L1
5	134124500	135023100	3	CN2_2b_CKDN200005067-1A_H5T7VDSXY_L1
5	135023500	135631555	3	CN2_2b_CKDN200005067-1A_H5T7VDSXY_L1
5	135631828	135706119	3	CN2_2b_CKDN200005067-1A_H5T7VDSXY_L1
5	135706921	135779200	4	CN2_2b_CKDN200005067-1A_H5T7VDSXY_L1
5	135779516	135784828	1	CN2_2b_CKDN200005067-1A_H5T7VDSXY_L1
5	135785067	135903000	3	CN2_2b_CKDN200005067-1A_H5T7VDSXY_L1
5	135904016	137795100	3	CN2_2b_CKDN200005067-1A_H5T7VDSXY_L1
5	137795600	142589328	3	CN2_2b_CKDN200005067-1A_H5T7VDSXY_L1
5	142589362	144108081	3	CN2_2b_CKDN200005067-1A_H5T7VDSXY_L1
5	144108332	144277603	3	CN2_2b_CKDN200005067-1A_H5T7VDSXY_L1
5	144279398	146189775	2	CN2_2b_CKDN200005067-1A_H5T7VDSXY_L1
5	146191009	148117900	3	CN2_2b_CKDN200005067-1A_H5T7VDSXY_L1
5	148120500	148594600	2	CN2_2b_CKDN200005067-1A_H5T7VDSXY_L1
5	148595450	148641900	2	CN2_2b_CKDN200005067-1A_H5T7VDSXY_L1
5	148642607	148795089	3	CN2_2b_CKDN200005067-1A_H5T7VDSXY_L1
5	148795362	149169548	3	CN2_2b_CKDN200005067-1A_H5T7VDSXY_L1
5	149169758	149696500	3	CN2_2b_CKDN200005067-1A_H5T7VDSXY_L1
5	149697372	149851956	5	CN2_2b_CKDN200005067-1A_H5T7VDSXY_L1
5	149852700	152073822	3	CN2_2b_CKDN200005067-1A_H5T7VDSXY_L1
5	152074500	152127862	3	CN2_2b_CKDN200005067-1A_H5T7VDSXY_L1
5	152129238	152290315	3	CN2_2b_CKDN200005067-1A_H5T7VDSXY_L1
5	152292549	157053370	2	CN2_2b_CKDN200005067-1A_H5T7VDSXY_L1
5	157053832	157390400	3	CN2_2b_CKDN200005067-1A_H5T7VDSXY_L1
5	157391209	159529763	3	CN2_2b_CKDN200005067-1A_H5T7VDSXY_L1
5	159530045	159660413	2	CN2_2b_CKDN200005067-1A_H5T7VDSXY_L1
5	159660762	160700800	3	CN2_2b_CKDN200005067-1A_H5T7VDSXY_L1
5	160701169	161140315	2	CN2_2b_CKDN200005067-1A_H5T7VDSXY_L1
5	161140680	163875700	2	CN2_2b_CKDN200005067-1A_H5T7VDSXY_L1
5	163876658	164220200	2	CN2_2b_CKDN200005067-1A_H5T7VDSXY_L1
5	164220762	164422102	2	CN2_2b_CKDN200005067-1A_H5T7VDSXY_L1
5	164422785	164571500	2	CN2_2b_CKDN200005067-1A_H5T7VDSXY_L1
5	164572410	167653600	2	CN2_2b_CKDN200005067-1A_H5T7VDSXY_L1
5	167654100	167920502	2	CN2_2b_CKDN200005067-1A_H5T7VDSXY_L1
5	167920900	169375000	2	CN2_2b_CKDN200005067-1A_H5T7VDSXY_L1
5	169376400	169962500	3	CN2_2b_CKDN200005067-1A_H5T7VDSXY_L1
5	169963080	171720148	2	CN2_2b_CKDN200005067-1A_H5T7VDSXY_L1
5	171720600	172337154	3	CN2_2b_CKDN200005067-1A_H5T7VDSXY_L1
5	172337412	172465449	3	CN2_2b_CKDN200005067-1A_H5T7VDSXY_L1
5	172465682	173609506	3	CN2_2b_CKDN200005067-1A_H5T7VDSXY_L1
5	173610002	176116248	2	CN2_2b_CKDN200005067-1A_H5T7VDSXY_L1
5	176117003	176378135	3	CN2_2b_CKDN200005067-1A_H5T7VDSXY_L1
5	176379584	177935800	3	CN2_2b_CKDN200005067-1A_H5T7VDSXY_L1
5	177935932	179024223	2	CN2_2b_CKDN200005067-1A_H5T7VDSXY_L1
5	179025501	181476200	2	CN2_2b_CKDN200005067-1A_H5T7VDSXY_L1
6	152100	377559	4	CN2_2b_CKDN200005067-1A_H5T7VDSXY_L1
6	377839	29943226	3	CN2_2b_CKDN200005067-1A_H5T7VDSXY_L1
6	29944520	32451071	3	CN2_2b_CKDN200005067-1A_H5T7VDSXY_L1
6	32458475	32772060	5	CN2_2b_CKDN200005067-1A_H5T7VDSXY_L1
6	32773965	38790400	3	CN2_2b_CKDN200005067-1A_H5T7VDSXY_L1
6	38794000	41352435	2	CN2_2b_CKDN200005067-1A_H5T7VDSXY_L1
6	41352700	46094553	3	CN2_2b_CKDN200005067-1A_H5T7VDSXY_L1
6	46097500	52075100	3	CN2_2b_CKDN200005067-1A_H5T7VDSXY_L1
6	52082389	58447400	3	CN2_2b_CKDN200005067-1A_H5T7VDSXY_L1
6	58555100	59653000	1	CN2_2b_CKDN200005067-1A_H5T7VDSXY_L1
6	59655400	170743300	2	CN2_2b_CKDN200005067-1A_H5T7VDSXY_L1
7	37445	3333800	5	CN2_2b_CKDN200005067-1A_H5T7VDSXY_L1
7	3334100	48686597	4	CN2_2b_CKDN200005067-1A_H5T7VDSXY_L1
7	48692100	53962900	3	CN2_2b_CKDN200005067-1A_H5T7VDSXY_L1
7	53964600	56873400	5	CN2_2b_CKDN200005067-1A_H5T7VDSXY_L1
7	56882527	102468200	5	CN2_2b_CKDN200005067-1A_H5T7VDSXY_L1
7	102482100	111466622	6	CN2_2b_CKDN200005067-1A_H5T7VDSXY_L1
7	111542600	113899815	21	CN2_2b_CKDN200005067-1A_H5T7VDSXY_L1
7	114085400	119190931	37	CN2_2b_CKDN200005067-1A_H5T7VDSXY_L1
7	119253343	120207509	28	CN2_2b_CKDN200005067-1A_H5T7VDSXY_L1
7	120260000	142440268	3	CN2_2b_CKDN200005067-1A_H5T7VDSXY_L1
7	142451401	144350600	4	CN2_2b_CKDN200005067-1A_H5T7VDSXY_L1
7	144350900	159332972	3	CN2_2b_CKDN200005067-1A_H5T7VDSXY_L1
8	196300	7348324	2	CN2_2b_CKDN200005067-1A_H5T7VDSXY_L1
8	7349300	7395222	3	CN2_2b_CKDN200005067-1A_H5T7VDSXY_L1
8	7395726	12486015	2	CN2_2b_CKDN200005067-1A_H5T7VDSXY_L1
8	12486405	12598400	3	CN2_2b_CKDN200005067-1A_H5T7VDSXY_L1
8	12599500	39365100	2	CN2_2b_CKDN200005067-1A_H5T7VDSXY_L1
8	39365637	39529600	1	CN2_2b_CKDN200005067-1A_H5T7VDSXY_L1
8	39536300	43359708	2	CN2_2b_CKDN200005067-1A_H5T7VDSXY_L1
8	43361492	73201600	2	CN2_2b_CKDN200005067-1A_H5T7VDSXY_L1
8	73203700	87388693	2	CN2_2b_CKDN200005067-1A_H5T7VDSXY_L1
8	87391500	89497400	2	CN2_2b_CKDN200005067-1A_H5T7VDSXY_L1
8	89499000	90590588	2	CN2_2b_CKDN200005067-1A_H5T7VDSXY_L1
8	90591259	92234100	2	CN2_2b_CKDN200005067-1A_H5T7VDSXY_L1
8	92237379	107809979	2	CN2_2b_CKDN200005067-1A_H5T7VDSXY_L1
8	107814100	111916892	2	CN2_2b_CKDN200005067-1A_H5T7VDSXY_L1
8	111917764	117582997	2	CN2_2b_CKDN200005067-1A_H5T7VDSXY_L1
8	117583300	117658000	4	CN2_2b_CKDN200005067-1A_H5T7VDSXY_L1
8	117658600	118828800	6	CN2_2b_CKDN200005067-1A_H5T7VDSXY_L1
8	118829100	130168700	6	CN2_2b_CKDN200005067-1A_H5T7VDSXY_L1
8	130172300	130191400	2	CN2_2b_CKDN200005067-1A_H5T7VDSXY_L1
8	130192900	130449500	2	CN2_2b_CKDN200005067-1A_H5T7VDSXY_L1
8	130451900	133412700	3	CN2_2b_CKDN200005067-1A_H5T7VDSXY_L1
8	133416775	137750200	2	CN2_2b_CKDN200005067-1A_H5T7VDSXY_L1
8	137751700	137815800	1	CN2_2b_CKDN200005067-1A_H5T7VDSXY_L1
8	137822400	144275700	3	CN2_2b_CKDN200005067-1A_H5T7VDSXY_L1
8	144277100	145075300	2	CN2_2b_CKDN200005067-1A_H5T7VDSXY_L1
9	10775	3600700	4	CN2_2b_CKDN200005067-1A_H5T7VDSXY_L1
9	3604800	6535700	4	CN2_2b_CKDN200005067-1A_H5T7VDSXY_L1
9	6536000	6739900	3	CN2_2b_CKDN200005067-1A_H5T7VDSXY_L1
9	6740700	12302100	4	CN2_2b_CKDN200005067-1A_H5T7VDSXY_L1
9	12303100	18118900	4	CN2_2b_CKDN200005067-1A_H5T7VDSXY_L1
9	18119663	19557600	5	CN2_2b_CKDN200005067-1A_H5T7VDSXY_L1
9	19557977	20895700	5	CN2_2b_CKDN200005067-1A_H5T7VDSXY_L1
9	20895801	22360300	4	CN2_2b_CKDN200005067-1A_H5T7VDSXY_L1
9	22360700	22961800	5	CN2_2b_CKDN200005067-1A_H5T7VDSXY_L1
9	22962365	31597700	4	CN2_2b_CKDN200005067-1A_H5T7VDSXY_L1
9	31598663	38208200	5	CN2_2b_CKDN200005067-1A_H5T7VDSXY_L1
9	38212000	39952400	5	CN2_2b_CKDN200005067-1A_H5T7VDSXY_L1
9	40011565	40180146	1	CN2_2b_CKDN200005067-1A_H5T7VDSXY_L1
9	40183900	40973300	4	CN2_2b_CKDN200005067-1A_H5T7VDSXY_L1
9	40973700	41563300	4	CN2_2b_CKDN200005067-1A_H5T7VDSXY_L1
9	41563800	41571936	1	CN2_2b_CKDN200005067-1A_H5T7VDSXY_L1
9	41575000	42384900	5	CN2_2b_CKDN200005067-1A_H5T7VDSXY_L1
9	42386500	62523480	5	CN2_2b_CKDN200005067-1A_H5T7VDSXY_L1
9	62526727	63907687	5	CN2_2b_CKDN200005067-1A_H5T7VDSXY_L1
9	63908100	65742800	4	CN2_2b_CKDN200005067-1A_H5T7VDSXY_L1
9	65809800	66079800	3	CN2_2b_CKDN200005067-1A_H5T7VDSXY_L1
9	66080100	67414800	3	CN2_2b_CKDN200005067-1A_H5T7VDSXY_L1
9	67415900	72552200	4	CN2_2b_CKDN200005067-1A_H5T7VDSXY_L1
9	72552800	73384946	4	CN2_2b_CKDN200005067-1A_H5T7VDSXY_L1
9	73390800	90830600	4	CN2_2b_CKDN200005067-1A_H5T7VDSXY_L1
9	90831000	91501600	4	CN2_2b_CKDN200005067-1A_H5T7VDSXY_L1
9	91502100	109024315	5	CN2_2b_CKDN200005067-1A_H5T7VDSXY_L1
9	109025200	113059500	5	CN2_2b_CKDN200005067-1A_H5T7VDSXY_L1
9	113060000	113063500	1	CN2_2b_CKDN200005067-1A_H5T7VDSXY_L1
9	113068800	116795500	5	CN2_2b_CKDN200005067-1A_H5T7VDSXY_L1
9	116800300	120192965	4	CN2_2b_CKDN200005067-1A_H5T7VDSXY_L1
9	120196546	124234500	5	CN2_2b_CKDN200005067-1A_H5T7VDSXY_L1
9	124234771	126513900	4	CN2_2b_CKDN200005067-1A_H5T7VDSXY_L1
9	126515168	126866900	4	CN2_2b_CKDN200005067-1A_H5T7VDSXY_L1
9	126868400	130924000	4	CN2_2b_CKDN200005067-1A_H5T7VDSXY_L1
9	130927013	138232259	5	CN2_2b_CKDN200005067-1A_H5T7VDSXY_L1
10	11600	4096687	1	CN2_2b_CKDN200005067-1A_H5T7VDSXY_L1
10	4097700	7855700	2	CN2_2b_CKDN200005067-1A_H5T7VDSXY_L1
10	7857504	11286168	2	CN2_2b_CKDN200005067-1A_H5T7VDSXY_L1
10	11286600	28377362	2	CN2_2b_CKDN200005067-1A_H5T7VDSXY_L1
10	28377805	29027098	1	CN2_2b_CKDN200005067-1A_H5T7VDSXY_L1
10	29027400	29076333	1	CN2_2b_CKDN200005067-1A_H5T7VDSXY_L1
10	29076649	29076724	0	CN2_2b_CKDN200005067-1A_H5T7VDSXY_L1
10	29077214	30047800	1	CN2_2b_CKDN200005067-1A_H5T7VDSXY_L1
10	30048200	30358159	1	CN2_2b_CKDN200005067-1A_H5T7VDSXY_L1
10	30360100	35823597	2	CN2_2b_CKDN200005067-1A_H5T7VDSXY_L1
10	35825071	38781982	2	CN2_2b_CKDN200005067-1A_H5T7VDSXY_L1
10	38785300	39569800	2	CN2_2b_CKDN200005067-1A_H5T7VDSXY_L1
10	39575600	41843232	1	CN2_2b_CKDN200005067-1A_H5T7VDSXY_L1
10	41844310	41856770	3	CN2_2b_CKDN200005067-1A_H5T7VDSXY_L1
10	41857051	41912800	5	CN2_2b_CKDN200005067-1A_H5T7VDSXY_L1
10	41913200	42085300	1	CN2_2b_CKDN200005067-1A_H5T7VDSXY_L1
10	42085900	42466591	3	CN2_2b_CKDN200005067-1A_H5T7VDSXY_L1
10	42467277	45417300	2	CN2_2b_CKDN200005067-1A_H5T7VDSXY_L1
10	45417900	45603400	3	CN2_2b_CKDN200005067-1A_H5T7VDSXY_L1
10	45604300	46378100	2	CN2_2b_CKDN200005067-1A_H5T7VDSXY_L1
10	46388800	46727700	5	CN2_2b_CKDN200005067-1A_H5T7VDSXY_L1
10	46727900	47968100	3	CN2_2b_CKDN200005067-1A_H5T7VDSXY_L1
10	47970000	58128600	3	CN2_2b_CKDN200005067-1A_H5T7VDSXY_L1
10	58130000	63654330	3	CN2_2b_CKDN200005067-1A_H5T7VDSXY_L1
10	63656500	63961061	3	CN2_2b_CKDN200005067-1A_H5T7VDSXY_L1
10	63961797	75941700	3	CN2_2b_CKDN200005067-1A_H5T7VDSXY_L1
10	75942863	77319562	4	CN2_2b_CKDN200005067-1A_H5T7VDSXY_L1
10	77320611	77341142	6	CN2_2b_CKDN200005067-1A_H5T7VDSXY_L1
10	77341600	80336575	8	CN2_2b_CKDN200005067-1A_H5T7VDSXY_L1
10	80337828	82808944	7	CN2_2b_CKDN200005067-1A_H5T7VDSXY_L1
10	82876300	133783700	3	CN2_2b_CKDN200005067-1A_H5T7VDSXY_L1
11	133500	8376043	5	CN2_2b_CKDN200005067-1A_H5T7VDSXY_L1
11	8377000	13398586	4	CN2_2b_CKDN200005067-1A_H5T7VDSXY_L1
11	13418000	37045178	5	CN2_2b_CKDN200005067-1A_H5T7VDSXY_L1
11	37046000	45383765	3	CN2_2b_CKDN200005067-1A_H5T7VDSXY_L1
11	45383900	48536895	4	CN2_2b_CKDN200005067-1A_H5T7VDSXY_L1
11	48546385	54375600	3	CN2_2b_CKDN200005067-1A_H5T7VDSXY_L1
11	54382500	56698623	3	CN2_2b_CKDN200005067-1A_H5T7VDSXY_L1
11	56698900	78195447	5	CN2_2b_CKDN200005067-1A_H5T7VDSXY_L1
11	78199700	135065500	4	CN2_2b_CKDN200005067-1A_H5T7VDSXY_L1
12	11800	11048500	3	CN2_2b_CKDN200005067-1A_H5T7VDSXY_L1
12	11050592	11432060	2	CN2_2b_CKDN200005067-1A_H5T7VDSXY_L1
12	11432200	26473600	3	CN2_2b_CKDN200005067-1A_H5T7VDSXY_L1
12	26475760	26573937	1	CN2_2b_CKDN200005067-1A_H5T7VDSXY_L1
12	26575800	26613961	2	CN2_2b_CKDN200005067-1A_H5T7VDSXY_L1
12	26614467	27986072	3	CN2_2b_CKDN200005067-1A_H5T7VDSXY_L1
12	27989100	34718600	3	CN2_2b_CKDN200005067-1A_H5T7VDSXY_L1
12	34778500	37179900	1	CN2_2b_CKDN200005067-1A_H5T7VDSXY_L1
12	37254100	44646372	2	CN2_2b_CKDN200005067-1A_H5T7VDSXY_L1
12	44655400	80590200	3	CN2_2b_CKDN200005067-1A_H5T7VDSXY_L1
12	80592178	87856222	2	CN2_2b_CKDN200005067-1A_H5T7VDSXY_L1
12	87857300	96863600	3	CN2_2b_CKDN200005067-1A_H5T7VDSXY_L1
12	96864400	103804300	3	CN2_2b_CKDN200005067-1A_H5T7VDSXY_L1
12	103812087	114077400	3	CN2_2b_CKDN200005067-1A_H5T7VDSXY_L1
12	114077800	119618100	3	CN2_2b_CKDN200005067-1A_H5T7VDSXY_L1
12	119618500	125533100	3	CN2_2b_CKDN200005067-1A_H5T7VDSXY_L1
12	125534638	133260278	2	CN2_2b_CKDN200005067-1A_H5T7VDSXY_L1
13	16003500	16106500	4	CN2_2b_CKDN200005067-1A_H5T7VDSXY_L1
13	16111500	16163700	1	CN2_2b_CKDN200005067-1A_H5T7VDSXY_L1
13	16164200	17415600	3	CN2_2b_CKDN200005067-1A_H5T7VDSXY_L1
13	17423300	18354300	2	CN2_2b_CKDN200005067-1A_H5T7VDSXY_L1
13	18409000	18602874	0	CN2_2b_CKDN200005067-1A_H5T7VDSXY_L1
13	18615800	78668831	2	CN2_2b_CKDN200005067-1A_H5T7VDSXY_L1
13	78689248	114344024	3	CN2_2b_CKDN200005067-1A_H5T7VDSXY_L1
14	16031400	19485500	3	CN2_2b_CKDN200005067-1A_H5T7VDSXY_L1
14	19813700	72734400	2	CN2_2b_CKDN200005067-1A_H5T7VDSXY_L1
14	72734600	72864938	2	CN2_2b_CKDN200005067-1A_H5T7VDSXY_L1
14	72865087	74254571	2	CN2_2b_CKDN200005067-1A_H5T7VDSXY_L1
14	74255282	74538788	2	CN2_2b_CKDN200005067-1A_H5T7VDSXY_L1
14	74539200	74635750	2	CN2_2b_CKDN200005067-1A_H5T7VDSXY_L1
14	74636200	74780400	2	CN2_2b_CKDN200005067-1A_H5T7VDSXY_L1
14	74780660	78447391	2	CN2_2b_CKDN200005067-1A_H5T7VDSXY_L1
14	78448700	90121459	2	CN2_2b_CKDN200005067-1A_H5T7VDSXY_L1
14	90122032	99405475	2	CN2_2b_CKDN200005067-1A_H5T7VDSXY_L1
14	99428800	105598200	4	CN2_2b_CKDN200005067-1A_H5T7VDSXY_L1
14	105599853	105765300	7	CN2_2b_CKDN200005067-1A_H5T7VDSXY_L1
14	105769300	106880740	3	CN2_2b_CKDN200005067-1A_H5T7VDSXY_L1
15	17000700	17082600	6	CN2_2b_CKDN200005067-1A_H5T7VDSXY_L1
15	17107700	18994300	1	CN2_2b_CKDN200005067-1A_H5T7VDSXY_L1
15	19043500	19641700	4	CN2_2b_CKDN200005067-1A_H5T7VDSXY_L1
15	19646200	19901200	1	CN2_2b_CKDN200005067-1A_H5T7VDSXY_L1
15	19901700	19940608	4	CN2_2b_CKDN200005067-1A_H5T7VDSXY_L1
15	19942330	20265585	1	CN2_2b_CKDN200005067-1A_H5T7VDSXY_L1
15	20265960	22369627	2	CN2_2b_CKDN200005067-1A_H5T7VDSXY_L1
15	22370400	50979300	2	CN2_2b_CKDN200005067-1A_H5T7VDSXY_L1
15	50982700	101968000	3	CN2_2b_CKDN200005067-1A_H5T7VDSXY_L1
15	101968700	101980551	1	CN2_2b_CKDN200005067-1A_H5T7VDSXY_L1
16	11000	3764000	3	CN2_2b_CKDN200005067-1A_H5T7VDSXY_L1
16	3774731	4972600	4	CN2_2b_CKDN200005067-1A_H5T7VDSXY_L1
16	4981914	7971036	2	CN2_2b_CKDN200005067-1A_H5T7VDSXY_L1
16	7990126	14662700	3	CN2_2b_CKDN200005067-1A_H5T7VDSXY_L1
16	14667600	15029883	6	CN2_2b_CKDN200005067-1A_H5T7VDSXY_L1
16	15047800	21370947	3	CN2_2b_CKDN200005067-1A_H5T7VDSXY_L1
16	21380500	21581900	6	CN2_2b_CKDN200005067-1A_H5T7VDSXY_L1
16	21582200	22438600	3	CN2_2b_CKDN200005067-1A_H5T7VDSXY_L1
16	22444898	22699100	6	CN2_2b_CKDN200005067-1A_H5T7VDSXY_L1
16	22722915	34596100	3	CN2_2b_CKDN200005067-1A_H5T7VDSXY_L1
16	34602300	46392348	1	CN2_2b_CKDN200005067-1A_H5T7VDSXY_L1
16	46392480	55364800	3	CN2_2b_CKDN200005067-1A_H5T7VDSXY_L1
16	55367421	58992366	3	CN2_2b_CKDN200005067-1A_H5T7VDSXY_L1
16	58994321	60142100	3	CN2_2b_CKDN200005067-1A_H5T7VDSXY_L1
16	60149800	65959100	3	CN2_2b_CKDN200005067-1A_H5T7VDSXY_L1
16	65963076	76340952	3	CN2_2b_CKDN200005067-1A_H5T7VDSXY_L1
16	76341636	80756534	3	CN2_2b_CKDN200005067-1A_H5T7VDSXY_L1
16	80762489	90226937	3	CN2_2b_CKDN200005067-1A_H5T7VDSXY_L1
17	72900	8811000	3	CN2_2b_CKDN200005067-1A_H5T7VDSXY_L1
17	8816300	15418300	2	CN2_2b_CKDN200005067-1A_H5T7VDSXY_L1
17	15420070	19443605	3	CN2_2b_CKDN200005067-1A_H5T7VDSXY_L1
17	19444480	20979646	2	CN2_2b_CKDN200005067-1A_H5T7VDSXY_L1
17	20979900	21291459	3	CN2_2b_CKDN200005067-1A_H5T7VDSXY_L1
17	21291924	22190726	3	CN2_2b_CKDN200005067-1A_H5T7VDSXY_L1
17	22194600	22742955	2	CN2_2b_CKDN200005067-1A_H5T7VDSXY_L1
17	22743635	26414700	1	CN2_2b_CKDN200005067-1A_H5T7VDSXY_L1
17	26549100	26709900	2	CN2_2b_CKDN200005067-1A_H5T7VDSXY_L1
17	26715200	27343600	5	CN2_2b_CKDN200005067-1A_H5T7VDSXY_L1
17	27344222	27463200	3	CN2_2b_CKDN200005067-1A_H5T7VDSXY_L1
17	27463695	28468295	3	CN2_2b_CKDN200005067-1A_H5T7VDSXY_L1
17	28471000	32654203	3	CN2_2b_CKDN200005067-1A_H5T7VDSXY_L1
17	32654500	34732088	2	CN2_2b_CKDN200005067-1A_H5T7VDSXY_L1
17	34734003	36163887	3	CN2_2b_CKDN200005067-1A_H5T7VDSXY_L1
17	36164318	36441700	1	CN2_2b_CKDN200005067-1A_H5T7VDSXY_L1
17	36443800	37886400	3	CN2_2b_CKDN200005067-1A_H5T7VDSXY_L1
17	37886837	38187100	1	CN2_2b_CKDN200005067-1A_H5T7VDSXY_L1
17	38202118	38881000	3	CN2_2b_CKDN200005067-1A_H5T7VDSXY_L1
17	38881500	40723005	3	CN2_2b_CKDN200005067-1A_H5T7VDSXY_L1
17	40723500	42684400	3	CN2_2b_CKDN200005067-1A_H5T7VDSXY_L1
17	42684800	45570504	2	CN2_2b_CKDN200005067-1A_H5T7VDSXY_L1
17	45571600	45586800	6	CN2_2b_CKDN200005067-1A_H5T7VDSXY_L1
17	45588312	46082189	2	CN2_2b_CKDN200005067-1A_H5T7VDSXY_L1
17	46082757	46290000	4	CN2_2b_CKDN200005067-1A_H5T7VDSXY_L1
17	46305454	47054153	1	CN2_2b_CKDN200005067-1A_H5T7VDSXY_L1
17	47056549	51652400	2	CN2_2b_CKDN200005067-1A_H5T7VDSXY_L1
17	51652738	56964400	2	CN2_2b_CKDN200005067-1A_H5T7VDSXY_L1
17	56965334	68664784	3	CN2_2b_CKDN200005067-1A_H5T7VDSXY_L1
17	68672800	71107100	2	CN2_2b_CKDN200005067-1A_H5T7VDSXY_L1
17	71110048	71821700	3	CN2_2b_CKDN200005067-1A_H5T7VDSXY_L1
17	71823100	73560102	5	CN2_2b_CKDN200005067-1A_H5T7VDSXY_L1
17	73560465	74400573	2	CN2_2b_CKDN200005067-1A_H5T7VDSXY_L1
17	74402069	78383843	5	CN2_2b_CKDN200005067-1A_H5T7VDSXY_L1
17	78385000	78980952	3	CN2_2b_CKDN200005067-1A_H5T7VDSXY_L1
17	78981207	79076550	4	CN2_2b_CKDN200005067-1A_H5T7VDSXY_L1
17	79077400	81909000	3	CN2_2b_CKDN200005067-1A_H5T7VDSXY_L1
17	81909600	82697012	4	CN2_2b_CKDN200005067-1A_H5T7VDSXY_L1
17	82697800	83244700	5	CN2_2b_CKDN200005067-1A_H5T7VDSXY_L1
18	15000	18788200	2	CN2_2b_CKDN200005067-1A_H5T7VDSXY_L1
18	18793100	20089600	1	CN2_2b_CKDN200005067-1A_H5T7VDSXY_L1
18	20150600	20938471	7	CN2_2b_CKDN200005067-1A_H5T7VDSXY_L1
18	20939183	24709844	3	CN2_2b_CKDN200005067-1A_H5T7VDSXY_L1
18	24718300	80259147	2	CN2_2b_CKDN200005067-1A_H5T7VDSXY_L1
19	75000	261200	5	CN2_2b_CKDN200005067-1A_H5T7VDSXY_L1
19	267731	24318300	2	CN2_2b_CKDN200005067-1A_H5T7VDSXY_L1
19	24330498	24369012	3	CN2_2b_CKDN200005067-1A_H5T7VDSXY_L1
19	24369123	24431600	2	CN2_2b_CKDN200005067-1A_H5T7VDSXY_L1
19	24432000	24446434	1	CN2_2b_CKDN200005067-1A_H5T7VDSXY_L1
19	24894300	27326700	2	CN2_2b_CKDN200005067-1A_H5T7VDSXY_L1
19	27330586	27399300	5	CN2_2b_CKDN200005067-1A_H5T7VDSXY_L1
19	27401404	37269700	2	CN2_2b_CKDN200005067-1A_H5T7VDSXY_L1
19	37271082	37294800	10	CN2_2b_CKDN200005067-1A_H5T7VDSXY_L1
19	37306600	50133882	2	CN2_2b_CKDN200005067-1A_H5T7VDSXY_L1
19	50134300	50137200	5	CN2_2b_CKDN200005067-1A_H5T7VDSXY_L1
19	50146900	50782970	2	CN2_2b_CKDN200005067-1A_H5T7VDSXY_L1
19	50786043	52236760	3	CN2_2b_CKDN200005067-1A_H5T7VDSXY_L1
19	52257550	53748500	5	CN2_2b_CKDN200005067-1A_H5T7VDSXY_L1
19	53755600	54762664	3	CN2_2b_CKDN200005067-1A_H5T7VDSXY_L1
19	54766215	54784238	1	CN2_2b_CKDN200005067-1A_H5T7VDSXY_L1
19	54784900	58317920	3	CN2_2b_CKDN200005067-1A_H5T7VDSXY_L1
19	58323500	58604619	1	CN2_2b_CKDN200005067-1A_H5T7VDSXY_L1
20	61400	3367500	3	CN2_2b_CKDN200005067-1A_H5T7VDSXY_L1
20	3372280	4948900	3	CN2_2b_CKDN200005067-1A_H5T7VDSXY_L1
20	4950700	25165707	3	CN2_2b_CKDN200005067-1A_H5T7VDSXY_L1
20	25166600	28942900	3	CN2_2b_CKDN200005067-1A_H5T7VDSXY_L1
20	28943600	29348300	4	CN2_2b_CKDN200005067-1A_H5T7VDSXY_L1
20	29349000	30474100	5	CN2_2b_CKDN200005067-1A_H5T7VDSXY_L1
20	30474400	33922300	3	CN2_2b_CKDN200005067-1A_H5T7VDSXY_L1
20	33922947	37264269	3	CN2_2b_CKDN200005067-1A_H5T7VDSXY_L1
20	37264873	38643300	3	CN2_2b_CKDN200005067-1A_H5T7VDSXY_L1
20	38647592	39445400	4	CN2_2b_CKDN200005067-1A_H5T7VDSXY_L1
20	39446558	40529700	3	CN2_2b_CKDN200005067-1A_H5T7VDSXY_L1
20	40530479	40645526	3	CN2_2b_CKDN200005067-1A_H5T7VDSXY_L1
20	40646300	41872700	3	CN2_2b_CKDN200005067-1A_H5T7VDSXY_L1
20	41873100	44154400	3	CN2_2b_CKDN200005067-1A_H5T7VDSXY_L1
20	44154619	44938801	3	CN2_2b_CKDN200005067-1A_H5T7VDSXY_L1
20	44939051	45468298	3	CN2_2b_CKDN200005067-1A_H5T7VDSXY_L1
20	45469600	48423100	3	CN2_2b_CKDN200005067-1A_H5T7VDSXY_L1
20	48424355	49324218	3	CN2_2b_CKDN200005067-1A_H5T7VDSXY_L1
20	49325443	51574900	3	CN2_2b_CKDN200005067-1A_H5T7VDSXY_L1
20	51575594	53677639	3	CN2_2b_CKDN200005067-1A_H5T7VDSXY_L1
20	53678452	54181348	3	CN2_2b_CKDN200005067-1A_H5T7VDSXY_L1
20	54183004	58017700	2	CN2_2b_CKDN200005067-1A_H5T7VDSXY_L1
20	58018414	59295204	3	CN2_2b_CKDN200005067-1A_H5T7VDSXY_L1
20	59295500	61845320	3	CN2_2b_CKDN200005067-1A_H5T7VDSXY_L1
20	61845716	64333300	3	CN2_2b_CKDN200005067-1A_H5T7VDSXY_L1
21	5085900	6375600	2	CN2_2b_CKDN200005067-1A_H5T7VDSXY_L1
21	6376000	8990706	3	CN2_2b_CKDN200005067-1A_H5T7VDSXY_L1
21	8990926	9036686	4	CN2_2b_CKDN200005067-1A_H5T7VDSXY_L1
21	9037200	9980900	3	CN2_2b_CKDN200005067-1A_H5T7VDSXY_L1
21	9981250	10417547	5	CN2_2b_CKDN200005067-1A_H5T7VDSXY_L1
21	10417900	10565500	3	CN2_2b_CKDN200005067-1A_H5T7VDSXY_L1
21	10565849	10802100	2	CN2_2b_CKDN200005067-1A_H5T7VDSXY_L1
21	10802300	13090477	5	CN2_2b_CKDN200005067-1A_H5T7VDSXY_L1
21	13120800	18036100	3	CN2_2b_CKDN200005067-1A_H5T7VDSXY_L1
21	18036738	25328300	2	CN2_2b_CKDN200005067-1A_H5T7VDSXY_L1
21	25330900	29946800	3	CN2_2b_CKDN200005067-1A_H5T7VDSXY_L1
21	29947100	31635361	2	CN2_2b_CKDN200005067-1A_H5T7VDSXY_L1
21	31636100	35072753	3	CN2_2b_CKDN200005067-1A_H5T7VDSXY_L1
21	35073000	36088382	3	CN2_2b_CKDN200005067-1A_H5T7VDSXY_L1
21	36088564	39223019	3	CN2_2b_CKDN200005067-1A_H5T7VDSXY_L1
21	39223300	43376235	2	CN2_2b_CKDN200005067-1A_H5T7VDSXY_L1
21	43376306	46697400	3	CN2_2b_CKDN200005067-1A_H5T7VDSXY_L1
22	10557900	11131400	2	CN2_2b_CKDN200005067-1A_H5T7VDSXY_L1
22	11150500	11629000	2	CN2_2b_CKDN200005067-1A_H5T7VDSXY_L1
22	11629400	11723000	1	CN2_2b_CKDN200005067-1A_H5T7VDSXY_L1
22	11790600	12033000	2	CN2_2b_CKDN200005067-1A_H5T7VDSXY_L1
22	12034300	12077100	1	CN2_2b_CKDN200005067-1A_H5T7VDSXY_L1
22	12149300	12178700	2	CN2_2b_CKDN200005067-1A_H5T7VDSXY_L1
22	12180000	12374300	4	CN2_2b_CKDN200005067-1A_H5T7VDSXY_L1
22	12375500	12640800	2	CN2_2b_CKDN200005067-1A_H5T7VDSXY_L1
22	12692400	15576900	3	CN2_2b_CKDN200005067-1A_H5T7VDSXY_L1
22	15577900	15908000	6	CN2_2b_CKDN200005067-1A_H5T7VDSXY_L1
22	15920900	16527249	3	CN2_2b_CKDN200005067-1A_H5T7VDSXY_L1
22	16527500	32568983	3	CN2_2b_CKDN200005067-1A_H5T7VDSXY_L1
22	32570638	34866969	2	CN2_2b_CKDN200005067-1A_H5T7VDSXY_L1
22	34871100	47247500	3	CN2_2b_CKDN200005067-1A_H5T7VDSXY_L1
22	47251551	49330216	2	CN2_2b_CKDN200005067-1A_H5T7VDSXY_L1
22	49332264	50801200	3	CN2_2b_CKDN200005067-1A_H5T7VDSXY_L1
23	98600	156029565	2	CN2_2b_CKDN200005067-1A_H5T7VDSXY_L1
