chrom	start	end	tcn.em	sample
1	13300	139500	1	CN9line7_1_CKDN210017619-1A_H23WLDSX3_L2
1	187500	2560442	2	CN9line7_1_CKDN210017619-1A_H23WLDSX3_L2
1	2560700	2688292	2	CN9line7_1_CKDN210017619-1A_H23WLDSX3_L2
1	2695663	2758400	0	CN9line7_1_CKDN210017619-1A_H23WLDSX3_L2
1	2768000	6220900	2	CN9line7_1_CKDN210017619-1A_H23WLDSX3_L2
1	6221000	7913500	2	CN9line7_1_CKDN210017619-1A_H23WLDSX3_L2
1	7914800	8261300	3	CN9line7_1_CKDN210017619-1A_H23WLDSX3_L2
1	8263400	8829700	2	CN9line7_1_CKDN210017619-1A_H23WLDSX3_L2
1	8832417	11605518	2	CN9line7_1_CKDN210017619-1A_H23WLDSX3_L2
1	11606500	12588850	2	CN9line7_1_CKDN210017619-1A_H23WLDSX3_L2
1	12589320	13247200	2	CN9line7_1_CKDN210017619-1A_H23WLDSX3_L2
1	13260200	15119552	2	CN9line7_1_CKDN210017619-1A_H23WLDSX3_L2
1	15120000	15213958	2	CN9line7_1_CKDN210017619-1A_H23WLDSX3_L2
1	15214902	16595600	2	CN9line7_1_CKDN210017619-1A_H23WLDSX3_L2
1	16597200	16624312	4	CN9line7_1_CKDN210017619-1A_H23WLDSX3_L2
1	16624400	16864023	2	CN9line7_1_CKDN210017619-1A_H23WLDSX3_L2
1	16866800	16950132	4	CN9line7_1_CKDN210017619-1A_H23WLDSX3_L2
1	16950837	17131248	2	CN9line7_1_CKDN210017619-1A_H23WLDSX3_L2
1	17132800	19372600	2	CN9line7_1_CKDN210017619-1A_H23WLDSX3_L2
1	19375200	29429400	2	CN9line7_1_CKDN210017619-1A_H23WLDSX3_L2
1	29429733	30957000	2	CN9line7_1_CKDN210017619-1A_H23WLDSX3_L2
1	30957875	32719710	2	CN9line7_1_CKDN210017619-1A_H23WLDSX3_L2
1	32720000	33062100	2	CN9line7_1_CKDN210017619-1A_H23WLDSX3_L2
1	33062400	33841104	2	CN9line7_1_CKDN210017619-1A_H23WLDSX3_L2
1	33843300	34924100	2	CN9line7_1_CKDN210017619-1A_H23WLDSX3_L2
1	34926000	37441400	2	CN9line7_1_CKDN210017619-1A_H23WLDSX3_L2
1	37441832	38071661	2	CN9line7_1_CKDN210017619-1A_H23WLDSX3_L2
1	38072100	41445522	2	CN9line7_1_CKDN210017619-1A_H23WLDSX3_L2
1	41446000	42881198	2	CN9line7_1_CKDN210017619-1A_H23WLDSX3_L2
1	42881547	47389409	2	CN9line7_1_CKDN210017619-1A_H23WLDSX3_L2
1	47390027	48957998	2	CN9line7_1_CKDN210017619-1A_H23WLDSX3_L2
1	48958458	50704036	2	CN9line7_1_CKDN210017619-1A_H23WLDSX3_L2
1	50704400	54104600	2	CN9line7_1_CKDN210017619-1A_H23WLDSX3_L2
1	54106100	55775300	2	CN9line7_1_CKDN210017619-1A_H23WLDSX3_L2
1	55778010	55842684	1	CN9line7_1_CKDN210017619-1A_H23WLDSX3_L2
1	55844400	58392387	2	CN9line7_1_CKDN210017619-1A_H23WLDSX3_L2
1	58394500	60113239	2	CN9line7_1_CKDN210017619-1A_H23WLDSX3_L2
1	60114600	63678900	2	CN9line7_1_CKDN210017619-1A_H23WLDSX3_L2
1	63679100	67055780	2	CN9line7_1_CKDN210017619-1A_H23WLDSX3_L2
1	67056422	67291848	2	CN9line7_1_CKDN210017619-1A_H23WLDSX3_L2
1	67292207	68478800	2	CN9line7_1_CKDN210017619-1A_H23WLDSX3_L2
1	68480600	72073827	1	CN9line7_1_CKDN210017619-1A_H23WLDSX3_L2
1	72078200	74755464	0	CN9line7_1_CKDN210017619-1A_H23WLDSX3_L2
1	74760500	77004776	1	CN9line7_1_CKDN210017619-1A_H23WLDSX3_L2
1	77006000	78833965	2	CN9line7_1_CKDN210017619-1A_H23WLDSX3_L2
1	78839700	83861700	1	CN9line7_1_CKDN210017619-1A_H23WLDSX3_L2
1	83862100	90492920	2	CN9line7_1_CKDN210017619-1A_H23WLDSX3_L2
1	90494087	91138568	1	CN9line7_1_CKDN210017619-1A_H23WLDSX3_L2
1	91139500	101598400	2	CN9line7_1_CKDN210017619-1A_H23WLDSX3_L2
1	101598527	105313000	1	CN9line7_1_CKDN210017619-1A_H23WLDSX3_L2
1	105315200	106972700	1	CN9line7_1_CKDN210017619-1A_H23WLDSX3_L2
1	106974600	120575900	1	CN9line7_1_CKDN210017619-1A_H23WLDSX3_L2
1	120582100	120928800	3	CN9line7_1_CKDN210017619-1A_H23WLDSX3_L2
1	120942596	125046200	1	CN9line7_1_CKDN210017619-1A_H23WLDSX3_L2
1	125050800	125178400	3	CN9line7_1_CKDN210017619-1A_H23WLDSX3_L2
1	125178700	143264300	1	CN9line7_1_CKDN210017619-1A_H23WLDSX3_L2
1	143264800	155715700	4	CN9line7_1_CKDN210017619-1A_H23WLDSX3_L2
1	155734145	158695081	1	CN9line7_1_CKDN210017619-1A_H23WLDSX3_L2
1	158707600	164805900	3	CN9line7_1_CKDN210017619-1A_H23WLDSX3_L2
1	164820364	165438100	1	CN9line7_1_CKDN210017619-1A_H23WLDSX3_L2
1	165451900	167592259	3	CN9line7_1_CKDN210017619-1A_H23WLDSX3_L2
1	167600200	206038700	2	CN9line7_1_CKDN210017619-1A_H23WLDSX3_L2
1	206053000	206058600	3	CN9line7_1_CKDN210017619-1A_H23WLDSX3_L2
1	206067403	219566565	2	CN9line7_1_CKDN210017619-1A_H23WLDSX3_L2
1	219586500	219952600	7	CN9line7_1_CKDN210017619-1A_H23WLDSX3_L2
1	220007100	220333387	2	CN9line7_1_CKDN210017619-1A_H23WLDSX3_L2
1	220333754	221757910	6	CN9line7_1_CKDN210017619-1A_H23WLDSX3_L2
1	221814151	222007376	8	CN9line7_1_CKDN210017619-1A_H23WLDSX3_L2
1	222014700	223085900	4	CN9line7_1_CKDN210017619-1A_H23WLDSX3_L2
1	223133800	223411974	1	CN9line7_1_CKDN210017619-1A_H23WLDSX3_L2
1	223416600	224470700	3	CN9line7_1_CKDN210017619-1A_H23WLDSX3_L2
1	224502865	225033200	6	CN9line7_1_CKDN210017619-1A_H23WLDSX3_L2
1	225066800	225583200	2	CN9line7_1_CKDN210017619-1A_H23WLDSX3_L2
1	225596000	248944400	2	CN9line7_1_CKDN210017619-1A_H23WLDSX3_L2
2	740580	87341700	2	CN9line7_1_CKDN210017619-1A_H23WLDSX3_L2
2	87341900	94292400	6	CN9line7_1_CKDN210017619-1A_H23WLDSX3_L2
2	94505600	240786700	2	CN9line7_1_CKDN210017619-1A_H23WLDSX3_L2
3	17200	6285971	2	CN9line7_1_CKDN210017619-1A_H23WLDSX3_L2
3	6296311	11334900	1	CN9line7_1_CKDN210017619-1A_H23WLDSX3_L2
3	11453271	17049400	2	CN9line7_1_CKDN210017619-1A_H23WLDSX3_L2
3	17104600	54938254	2	CN9line7_1_CKDN210017619-1A_H23WLDSX3_L2
3	54999824	59811858	3	CN9line7_1_CKDN210017619-1A_H23WLDSX3_L2
3	59821457	75563900	1	CN9line7_1_CKDN210017619-1A_H23WLDSX3_L2
3	75629200	75706429	3	CN9line7_1_CKDN210017619-1A_H23WLDSX3_L2
3	75727600	89639540	1	CN9line7_1_CKDN210017619-1A_H23WLDSX3_L2
3	89670692	99074612	2	CN9line7_1_CKDN210017619-1A_H23WLDSX3_L2
3	99075527	101104520	2	CN9line7_1_CKDN210017619-1A_H23WLDSX3_L2
3	101105000	102492900	2	CN9line7_1_CKDN210017619-1A_H23WLDSX3_L2
3	102493400	103065237	2	CN9line7_1_CKDN210017619-1A_H23WLDSX3_L2
3	103066777	108811667	2	CN9line7_1_CKDN210017619-1A_H23WLDSX3_L2
3	108813485	111304173	2	CN9line7_1_CKDN210017619-1A_H23WLDSX3_L2
3	111304984	112736200	2	CN9line7_1_CKDN210017619-1A_H23WLDSX3_L2
3	112736632	118677300	2	CN9line7_1_CKDN210017619-1A_H23WLDSX3_L2
3	118678783	119423800	2	CN9line7_1_CKDN210017619-1A_H23WLDSX3_L2
3	119424342	124853038	2	CN9line7_1_CKDN210017619-1A_H23WLDSX3_L2
3	124853372	125578652	2	CN9line7_1_CKDN210017619-1A_H23WLDSX3_L2
3	125579000	125955438	2	CN9line7_1_CKDN210017619-1A_H23WLDSX3_L2
3	125956655	127790944	2	CN9line7_1_CKDN210017619-1A_H23WLDSX3_L2
3	127792034	127976200	2	CN9line7_1_CKDN210017619-1A_H23WLDSX3_L2
3	127978600	129006033	2	CN9line7_1_CKDN210017619-1A_H23WLDSX3_L2
3	129006723	139380299	2	CN9line7_1_CKDN210017619-1A_H23WLDSX3_L2
3	139381377	140844179	2	CN9line7_1_CKDN210017619-1A_H23WLDSX3_L2
3	140845100	148721816	2	CN9line7_1_CKDN210017619-1A_H23WLDSX3_L2
3	148722500	149245100	2	CN9line7_1_CKDN210017619-1A_H23WLDSX3_L2
3	149246000	149251200	1	CN9line7_1_CKDN210017619-1A_H23WLDSX3_L2
3	149252871	152680200	2	CN9line7_1_CKDN210017619-1A_H23WLDSX3_L2
3	152680300	159807000	2	CN9line7_1_CKDN210017619-1A_H23WLDSX3_L2
3	159813386	161942858	2	CN9line7_1_CKDN210017619-1A_H23WLDSX3_L2
3	161945897	168842300	2	CN9line7_1_CKDN210017619-1A_H23WLDSX3_L2
3	168842480	172179000	2	CN9line7_1_CKDN210017619-1A_H23WLDSX3_L2
3	172179900	185035700	2	CN9line7_1_CKDN210017619-1A_H23WLDSX3_L2
3	185036300	186118986	2	CN9line7_1_CKDN210017619-1A_H23WLDSX3_L2
3	186119300	187923632	2	CN9line7_1_CKDN210017619-1A_H23WLDSX3_L2
3	187924302	190775140	2	CN9line7_1_CKDN210017619-1A_H23WLDSX3_L2
3	190775500	191041982	2	CN9line7_1_CKDN210017619-1A_H23WLDSX3_L2
3	191044900	191327100	2	CN9line7_1_CKDN210017619-1A_H23WLDSX3_L2
3	191327762	194413247	2	CN9line7_1_CKDN210017619-1A_H23WLDSX3_L2
3	194414200	194944612	2	CN9line7_1_CKDN210017619-1A_H23WLDSX3_L2
3	194944661	195476669	2	CN9line7_1_CKDN210017619-1A_H23WLDSX3_L2
3	195477300	195992400	2	CN9line7_1_CKDN210017619-1A_H23WLDSX3_L2
3	195992700	198191100	2	CN9line7_1_CKDN210017619-1A_H23WLDSX3_L2
4	15100	68300	3	CN9line7_1_CKDN210017619-1A_H23WLDSX3_L2
4	103600	49072934	1	CN9line7_1_CKDN210017619-1A_H23WLDSX3_L2
4	49091400	49291036	4	CN9line7_1_CKDN210017619-1A_H23WLDSX3_L2
4	49292000	49333300	2	CN9line7_1_CKDN210017619-1A_H23WLDSX3_L2
4	49500990	49655796	1	CN9line7_1_CKDN210017619-1A_H23WLDSX3_L2
4	49656016	49711000	4	CN9line7_1_CKDN210017619-1A_H23WLDSX3_L2
4	49720000	52834900	1	CN9line7_1_CKDN210017619-1A_H23WLDSX3_L2
4	52862100	188134200	2	CN9line7_1_CKDN210017619-1A_H23WLDSX3_L2
4	188179400	190119500	2	CN9line7_1_CKDN210017619-1A_H23WLDSX3_L2
5	11700	642800	4	CN9line7_1_CKDN210017619-1A_H23WLDSX3_L2
5	643700	838800	1	CN9line7_1_CKDN210017619-1A_H23WLDSX3_L2
5	839900	847432	1	CN9line7_1_CKDN210017619-1A_H23WLDSX3_L2
5	848020	892919	2	CN9line7_1_CKDN210017619-1A_H23WLDSX3_L2
5	895811	1055450	5	CN9line7_1_CKDN210017619-1A_H23WLDSX3_L2
5	1056400	1138700	2	CN9line7_1_CKDN210017619-1A_H23WLDSX3_L2
5	1139487	1169487	6	CN9line7_1_CKDN210017619-1A_H23WLDSX3_L2
5	1171583	1188419	1	CN9line7_1_CKDN210017619-1A_H23WLDSX3_L2
5	1188779	1300755	3	CN9line7_1_CKDN210017619-1A_H23WLDSX3_L2
5	1302000	1386128	6	CN9line7_1_CKDN210017619-1A_H23WLDSX3_L2
5	1388400	1713200	3	CN9line7_1_CKDN210017619-1A_H23WLDSX3_L2
5	1716883	2025196	1	CN9line7_1_CKDN210017619-1A_H23WLDSX3_L2
5	2025900	2272134	2	CN9line7_1_CKDN210017619-1A_H23WLDSX3_L2
5	2273484	2554673	1	CN9line7_1_CKDN210017619-1A_H23WLDSX3_L2
5	2555810	3667694	4	CN9line7_1_CKDN210017619-1A_H23WLDSX3_L2
5	3670202	4011400	6	CN9line7_1_CKDN210017619-1A_H23WLDSX3_L2
5	4013879	4220721	1	CN9line7_1_CKDN210017619-1A_H23WLDSX3_L2
5	4223500	4753200	6	CN9line7_1_CKDN210017619-1A_H23WLDSX3_L2
5	4757300	4938500	2	CN9line7_1_CKDN210017619-1A_H23WLDSX3_L2
5	4939500	4977500	1	CN9line7_1_CKDN210017619-1A_H23WLDSX3_L2
5	4978556	5046200	5	CN9line7_1_CKDN210017619-1A_H23WLDSX3_L2
5	5048614	5062934	3	CN9line7_1_CKDN210017619-1A_H23WLDSX3_L2
5	5065500	5332209	1	CN9line7_1_CKDN210017619-1A_H23WLDSX3_L2
5	5332900	5438007	5	CN9line7_1_CKDN210017619-1A_H23WLDSX3_L2
5	5438276	5607837	7	CN9line7_1_CKDN210017619-1A_H23WLDSX3_L2
5	5610322	5771541	5	CN9line7_1_CKDN210017619-1A_H23WLDSX3_L2
5	5772700	6674448	1	CN9line7_1_CKDN210017619-1A_H23WLDSX3_L2
5	6675693	7465623	6	CN9line7_1_CKDN210017619-1A_H23WLDSX3_L2
5	7468576	7769900	1	CN9line7_1_CKDN210017619-1A_H23WLDSX3_L2
5	7770900	7962750	6	CN9line7_1_CKDN210017619-1A_H23WLDSX3_L2
5	7966200	8229300	3	CN9line7_1_CKDN210017619-1A_H23WLDSX3_L2
5	8230135	8355000	1	CN9line7_1_CKDN210017619-1A_H23WLDSX3_L2
5	8359700	8803700	2	CN9line7_1_CKDN210017619-1A_H23WLDSX3_L2
5	8807600	8967604	3	CN9line7_1_CKDN210017619-1A_H23WLDSX3_L2
5	8968800	9613134	1	CN9line7_1_CKDN210017619-1A_H23WLDSX3_L2
5	9613570	9796320	3	CN9line7_1_CKDN210017619-1A_H23WLDSX3_L2
5	9796400	9883044	5	CN9line7_1_CKDN210017619-1A_H23WLDSX3_L2
5	9883498	9925821	4	CN9line7_1_CKDN210017619-1A_H23WLDSX3_L2
5	9926024	10407900	5	CN9line7_1_CKDN210017619-1A_H23WLDSX3_L2
5	10408708	10452919	4	CN9line7_1_CKDN210017619-1A_H23WLDSX3_L2
5	10453800	10662700	6	CN9line7_1_CKDN210017619-1A_H23WLDSX3_L2
5	10664400	10852540	4	CN9line7_1_CKDN210017619-1A_H23WLDSX3_L2
5	10852912	10899921	4	CN9line7_1_CKDN210017619-1A_H23WLDSX3_L2
5	10900375	10924200	1	CN9line7_1_CKDN210017619-1A_H23WLDSX3_L2
5	10924970	11199800	3	CN9line7_1_CKDN210017619-1A_H23WLDSX3_L2
5	11202600	11608000	5	CN9line7_1_CKDN210017619-1A_H23WLDSX3_L2
5	11611075	12032873	4	CN9line7_1_CKDN210017619-1A_H23WLDSX3_L2
5	12034919	12847500	1	CN9line7_1_CKDN210017619-1A_H23WLDSX3_L2
5	12850652	12870700	6	CN9line7_1_CKDN210017619-1A_H23WLDSX3_L2
5	12874901	13044092	1	CN9line7_1_CKDN210017619-1A_H23WLDSX3_L2
5	13047300	13249965	3	CN9line7_1_CKDN210017619-1A_H23WLDSX3_L2
5	13250936	13262700	1	CN9line7_1_CKDN210017619-1A_H23WLDSX3_L2
5	13264400	13609900	5	CN9line7_1_CKDN210017619-1A_H23WLDSX3_L2
5	13610332	13831700	4	CN9line7_1_CKDN210017619-1A_H23WLDSX3_L2
5	13831901	14130151	5	CN9line7_1_CKDN210017619-1A_H23WLDSX3_L2
5	14131285	14465400	8	CN9line7_1_CKDN210017619-1A_H23WLDSX3_L2
5	14466100	15310700	3	CN9line7_1_CKDN210017619-1A_H23WLDSX3_L2
5	15311100	15737188	5	CN9line7_1_CKDN210017619-1A_H23WLDSX3_L2
5	15738003	15819681	7	CN9line7_1_CKDN210017619-1A_H23WLDSX3_L2
5	15821600	15992058	3	CN9line7_1_CKDN210017619-1A_H23WLDSX3_L2
5	15994512	16142100	1	CN9line7_1_CKDN210017619-1A_H23WLDSX3_L2
5	16143392	16154800	4	CN9line7_1_CKDN210017619-1A_H23WLDSX3_L2
5	16156700	16399800	1	CN9line7_1_CKDN210017619-1A_H23WLDSX3_L2
5	16401069	16802251	3	CN9line7_1_CKDN210017619-1A_H23WLDSX3_L2
5	16802900	17517400	4	CN9line7_1_CKDN210017619-1A_H23WLDSX3_L2
5	17517675	17599500	16	CN9line7_1_CKDN210017619-1A_H23WLDSX3_L2
5	17599900	17830700	4	CN9line7_1_CKDN210017619-1A_H23WLDSX3_L2
5	17832305	18305400	2	CN9line7_1_CKDN210017619-1A_H23WLDSX3_L2
5	18305900	18685568	4	CN9line7_1_CKDN210017619-1A_H23WLDSX3_L2
5	18687800	18880100	7	CN9line7_1_CKDN210017619-1A_H23WLDSX3_L2
5	18881589	19265500	3	CN9line7_1_CKDN210017619-1A_H23WLDSX3_L2
5	19265943	19385815	1	CN9line7_1_CKDN210017619-1A_H23WLDSX3_L2
5	19387500	19826356	5	CN9line7_1_CKDN210017619-1A_H23WLDSX3_L2
5	19826754	19990571	2	CN9line7_1_CKDN210017619-1A_H23WLDSX3_L2
5	19991600	20357868	5	CN9line7_1_CKDN210017619-1A_H23WLDSX3_L2
5	20359600	20979900	3	CN9line7_1_CKDN210017619-1A_H23WLDSX3_L2
5	20982045	21408100	8	CN9line7_1_CKDN210017619-1A_H23WLDSX3_L2
5	21409900	21446100	2	CN9line7_1_CKDN210017619-1A_H23WLDSX3_L2
5	21446900	21750300	7	CN9line7_1_CKDN210017619-1A_H23WLDSX3_L2
5	21751622	21812300	2	CN9line7_1_CKDN210017619-1A_H23WLDSX3_L2
5	21815615	22845000	1	CN9line7_1_CKDN210017619-1A_H23WLDSX3_L2
5	22852288	23334486	2	CN9line7_1_CKDN210017619-1A_H23WLDSX3_L2
5	23334921	23611473	3	CN9line7_1_CKDN210017619-1A_H23WLDSX3_L2
5	23612100	24049500	2	CN9line7_1_CKDN210017619-1A_H23WLDSX3_L2
5	24050400	24262200	5	CN9line7_1_CKDN210017619-1A_H23WLDSX3_L2
5	24262656	24586000	3	CN9line7_1_CKDN210017619-1A_H23WLDSX3_L2
5	24588324	25013972	8	CN9line7_1_CKDN210017619-1A_H23WLDSX3_L2
5	25018105	25655151	11	CN9line7_1_CKDN210017619-1A_H23WLDSX3_L2
5	25657542	25926900	6	CN9line7_1_CKDN210017619-1A_H23WLDSX3_L2
5	25927742	26494645	10	CN9line7_1_CKDN210017619-1A_H23WLDSX3_L2
5	26496839	28286300	2	CN9line7_1_CKDN210017619-1A_H23WLDSX3_L2
5	28286822	30448500	2	CN9line7_1_CKDN210017619-1A_H23WLDSX3_L2
5	30449700	33246000	2	CN9line7_1_CKDN210017619-1A_H23WLDSX3_L2
5	33246867	33264798	2	CN9line7_1_CKDN210017619-1A_H23WLDSX3_L2
5	33265300	34175162	2	CN9line7_1_CKDN210017619-1A_H23WLDSX3_L2
5	34178500	34197200	9	CN9line7_1_CKDN210017619-1A_H23WLDSX3_L2
5	34200657	34548659	2	CN9line7_1_CKDN210017619-1A_H23WLDSX3_L2
5	34549420	38471937	2	CN9line7_1_CKDN210017619-1A_H23WLDSX3_L2
5	38472515	39872000	2	CN9line7_1_CKDN210017619-1A_H23WLDSX3_L2
5	39873011	40150272	2	CN9line7_1_CKDN210017619-1A_H23WLDSX3_L2
5	40150472	42596954	2	CN9line7_1_CKDN210017619-1A_H23WLDSX3_L2
5	42597704	42844400	2	CN9line7_1_CKDN210017619-1A_H23WLDSX3_L2
5	42844869	43934451	2	CN9line7_1_CKDN210017619-1A_H23WLDSX3_L2
5	43935300	46434700	2	CN9line7_1_CKDN210017619-1A_H23WLDSX3_L2
5	46581300	47252700	1	CN9line7_1_CKDN210017619-1A_H23WLDSX3_L2
5	47264800	49674500	2	CN9line7_1_CKDN210017619-1A_H23WLDSX3_L2
5	49676700	50126900	1	CN9line7_1_CKDN210017619-1A_H23WLDSX3_L2
5	50134200	51909500	1	CN9line7_1_CKDN210017619-1A_H23WLDSX3_L2
5	51909920	52123843	1	CN9line7_1_CKDN210017619-1A_H23WLDSX3_L2
5	52125570	52419184	1	CN9line7_1_CKDN210017619-1A_H23WLDSX3_L2
5	52419464	55642400	2	CN9line7_1_CKDN210017619-1A_H23WLDSX3_L2
5	55643266	55715135	1	CN9line7_1_CKDN210017619-1A_H23WLDSX3_L2
5	55715398	59417300	1	CN9line7_1_CKDN210017619-1A_H23WLDSX3_L2
5	59419100	62400460	1	CN9line7_1_CKDN210017619-1A_H23WLDSX3_L2
5	62401033	64597727	1	CN9line7_1_CKDN210017619-1A_H23WLDSX3_L2
5	64598100	65789500	1	CN9line7_1_CKDN210017619-1A_H23WLDSX3_L2
5	65789797	65901751	2	CN9line7_1_CKDN210017619-1A_H23WLDSX3_L2
5	65902073	66132900	1	CN9line7_1_CKDN210017619-1A_H23WLDSX3_L2
5	66133100	69028400	1	CN9line7_1_CKDN210017619-1A_H23WLDSX3_L2
5	69028983	71955760	1	CN9line7_1_CKDN210017619-1A_H23WLDSX3_L2
5	71957322	72188600	2	CN9line7_1_CKDN210017619-1A_H23WLDSX3_L2
5	72188900	72592611	1	CN9line7_1_CKDN210017619-1A_H23WLDSX3_L2
5	72593142	74077800	2	CN9line7_1_CKDN210017619-1A_H23WLDSX3_L2
5	74078100	74530607	1	CN9line7_1_CKDN210017619-1A_H23WLDSX3_L2
5	74531354	74697200	1	CN9line7_1_CKDN210017619-1A_H23WLDSX3_L2
5	74697826	74884883	1	CN9line7_1_CKDN210017619-1A_H23WLDSX3_L2
5	74885326	75650693	1	CN9line7_1_CKDN210017619-1A_H23WLDSX3_L2
5	75650837	75841117	1	CN9line7_1_CKDN210017619-1A_H23WLDSX3_L2
5	75844200	76619400	1	CN9line7_1_CKDN210017619-1A_H23WLDSX3_L2
5	76620245	76843500	2	CN9line7_1_CKDN210017619-1A_H23WLDSX3_L2
5	76843900	77424928	1	CN9line7_1_CKDN210017619-1A_H23WLDSX3_L2
5	77424935	77650400	1	CN9line7_1_CKDN210017619-1A_H23WLDSX3_L2
5	77651000	77790525	1	CN9line7_1_CKDN210017619-1A_H23WLDSX3_L2
5	77791014	82447200	1	CN9line7_1_CKDN210017619-1A_H23WLDSX3_L2
5	82447615	82739700	1	CN9line7_1_CKDN210017619-1A_H23WLDSX3_L2
5	82740248	82828454	1	CN9line7_1_CKDN210017619-1A_H23WLDSX3_L2
5	82829300	87479114	1	CN9line7_1_CKDN210017619-1A_H23WLDSX3_L2
5	87480003	88690900	1	CN9line7_1_CKDN210017619-1A_H23WLDSX3_L2
5	88691872	89086600	1	CN9line7_1_CKDN210017619-1A_H23WLDSX3_L2
5	89086800	91240300	1	CN9line7_1_CKDN210017619-1A_H23WLDSX3_L2
5	91240938	91497466	1	CN9line7_1_CKDN210017619-1A_H23WLDSX3_L2
5	91497800	91612124	1	CN9line7_1_CKDN210017619-1A_H23WLDSX3_L2
5	91613200	95087400	1	CN9line7_1_CKDN210017619-1A_H23WLDSX3_L2
5	95087977	97534500	2	CN9line7_1_CKDN210017619-1A_H23WLDSX3_L2
5	97535634	97692133	1	CN9line7_1_CKDN210017619-1A_H23WLDSX3_L2
5	97692380	99327951	1	CN9line7_1_CKDN210017619-1A_H23WLDSX3_L2
5	99328400	101916752	1	CN9line7_1_CKDN210017619-1A_H23WLDSX3_L2
5	101918000	102290514	1	CN9line7_1_CKDN210017619-1A_H23WLDSX3_L2
5	102290873	103513950	1	CN9line7_1_CKDN210017619-1A_H23WLDSX3_L2
5	103516600	103692545	1	CN9line7_1_CKDN210017619-1A_H23WLDSX3_L2
5	103692950	104752416	1	CN9line7_1_CKDN210017619-1A_H23WLDSX3_L2
5	104752700	109985377	1	CN9line7_1_CKDN210017619-1A_H23WLDSX3_L2
5	109985600	111374943	1	CN9line7_1_CKDN210017619-1A_H23WLDSX3_L2
5	111375155	111493100	1	CN9line7_1_CKDN210017619-1A_H23WLDSX3_L2
5	111494158	111645412	0	CN9line7_1_CKDN210017619-1A_H23WLDSX3_L2
5	111645700	112593500	1	CN9line7_1_CKDN210017619-1A_H23WLDSX3_L2
5	112593800	112652885	2	CN9line7_1_CKDN210017619-1A_H23WLDSX3_L2
5	112653249	113152092	2	CN9line7_1_CKDN210017619-1A_H23WLDSX3_L2
5	113152305	116326330	2	CN9line7_1_CKDN210017619-1A_H23WLDSX3_L2
5	116326600	118637625	2	CN9line7_1_CKDN210017619-1A_H23WLDSX3_L2
5	118637860	120043754	2	CN9line7_1_CKDN210017619-1A_H23WLDSX3_L2
5	120050000	120241700	2	CN9line7_1_CKDN210017619-1A_H23WLDSX3_L2
5	120242500	120500563	2	CN9line7_1_CKDN210017619-1A_H23WLDSX3_L2
5	120501500	121067046	2	CN9line7_1_CKDN210017619-1A_H23WLDSX3_L2
5	121067100	121183900	2	CN9line7_1_CKDN210017619-1A_H23WLDSX3_L2
5	121184613	121579333	2	CN9line7_1_CKDN210017619-1A_H23WLDSX3_L2
5	121579869	122535300	2	CN9line7_1_CKDN210017619-1A_H23WLDSX3_L2
5	122536243	122690718	2	CN9line7_1_CKDN210017619-1A_H23WLDSX3_L2
5	122691200	123568993	2	CN9line7_1_CKDN210017619-1A_H23WLDSX3_L2
5	123569200	126142196	2	CN9line7_1_CKDN210017619-1A_H23WLDSX3_L2
5	126142692	126361300	2	CN9line7_1_CKDN210017619-1A_H23WLDSX3_L2
5	126361610	126530908	2	CN9line7_1_CKDN210017619-1A_H23WLDSX3_L2
5	126531300	128206900	2	CN9line7_1_CKDN210017619-1A_H23WLDSX3_L2
5	128207930	129558774	2	CN9line7_1_CKDN210017619-1A_H23WLDSX3_L2
5	129559185	130334487	2	CN9line7_1_CKDN210017619-1A_H23WLDSX3_L2
5	130335500	132017853	2	CN9line7_1_CKDN210017619-1A_H23WLDSX3_L2
5	132018122	132814900	2	CN9line7_1_CKDN210017619-1A_H23WLDSX3_L2
5	132816059	132913300	3	CN9line7_1_CKDN210017619-1A_H23WLDSX3_L2
5	132914033	133141064	2	CN9line7_1_CKDN210017619-1A_H23WLDSX3_L2
5	133141725	134192424	2	CN9line7_1_CKDN210017619-1A_H23WLDSX3_L2
5	134194449	135000300	2	CN9line7_1_CKDN210017619-1A_H23WLDSX3_L2
5	135001875	135622366	2	CN9line7_1_CKDN210017619-1A_H23WLDSX3_L2
5	135622700	135707700	2	CN9line7_1_CKDN210017619-1A_H23WLDSX3_L2
5	135708200	135779200	2	CN9line7_1_CKDN210017619-1A_H23WLDSX3_L2
5	135779516	135785800	1	CN9line7_1_CKDN210017619-1A_H23WLDSX3_L2
5	135786106	135837120	2	CN9line7_1_CKDN210017619-1A_H23WLDSX3_L2
5	135837800	137073658	2	CN9line7_1_CKDN210017619-1A_H23WLDSX3_L2
5	137074056	142579732	2	CN9line7_1_CKDN210017619-1A_H23WLDSX3_L2
5	142580700	143042218	2	CN9line7_1_CKDN210017619-1A_H23WLDSX3_L2
5	143042700	143618000	2	CN9line7_1_CKDN210017619-1A_H23WLDSX3_L2
5	143618729	146736900	2	CN9line7_1_CKDN210017619-1A_H23WLDSX3_L2
5	146737400	148090200	2	CN9line7_1_CKDN210017619-1A_H23WLDSX3_L2
5	148091787	148626500	2	CN9line7_1_CKDN210017619-1A_H23WLDSX3_L2
5	148627309	149696500	2	CN9line7_1_CKDN210017619-1A_H23WLDSX3_L2
5	149697372	149854000	2	CN9line7_1_CKDN210017619-1A_H23WLDSX3_L2
5	149854461	151896400	2	CN9line7_1_CKDN210017619-1A_H23WLDSX3_L2
5	151897096	152016000	2	CN9line7_1_CKDN210017619-1A_H23WLDSX3_L2
5	152016700	152116700	2	CN9line7_1_CKDN210017619-1A_H23WLDSX3_L2
5	152117405	153584800	2	CN9line7_1_CKDN210017619-1A_H23WLDSX3_L2
5	153588061	154146000	2	CN9line7_1_CKDN210017619-1A_H23WLDSX3_L2
5	154146200	157073400	2	CN9line7_1_CKDN210017619-1A_H23WLDSX3_L2
5	157073920	157435221	2	CN9line7_1_CKDN210017619-1A_H23WLDSX3_L2
5	157435600	157530428	2	CN9line7_1_CKDN210017619-1A_H23WLDSX3_L2
5	157532200	159524321	2	CN9line7_1_CKDN210017619-1A_H23WLDSX3_L2
5	159526100	159694800	2	CN9line7_1_CKDN210017619-1A_H23WLDSX3_L2
5	159695797	160721581	2	CN9line7_1_CKDN210017619-1A_H23WLDSX3_L2
5	160723600	162989565	2	CN9line7_1_CKDN210017619-1A_H23WLDSX3_L2
5	162991500	163279071	2	CN9line7_1_CKDN210017619-1A_H23WLDSX3_L2
5	163280482	163868291	2	CN9line7_1_CKDN210017619-1A_H23WLDSX3_L2
5	163869800	163981531	2	CN9line7_1_CKDN210017619-1A_H23WLDSX3_L2
5	163982203	164231800	2	CN9line7_1_CKDN210017619-1A_H23WLDSX3_L2
5	164232000	164431500	2	CN9line7_1_CKDN210017619-1A_H23WLDSX3_L2
5	164431972	166433727	2	CN9line7_1_CKDN210017619-1A_H23WLDSX3_L2
5	166434300	166629708	2	CN9line7_1_CKDN210017619-1A_H23WLDSX3_L2
5	166630159	169343009	2	CN9line7_1_CKDN210017619-1A_H23WLDSX3_L2
5	169343280	169991600	2	CN9line7_1_CKDN210017619-1A_H23WLDSX3_L2
5	169992000	172130133	2	CN9line7_1_CKDN210017619-1A_H23WLDSX3_L2
5	172130300	173399600	2	CN9line7_1_CKDN210017619-1A_H23WLDSX3_L2
5	173400350	176114992	2	CN9line7_1_CKDN210017619-1A_H23WLDSX3_L2
5	176116248	176379584	2	CN9line7_1_CKDN210017619-1A_H23WLDSX3_L2
5	176379847	177893548	2	CN9line7_1_CKDN210017619-1A_H23WLDSX3_L2
5	177894000	178804691	2	CN9line7_1_CKDN210017619-1A_H23WLDSX3_L2
5	178805200	181245552	2	CN9line7_1_CKDN210017619-1A_H23WLDSX3_L2
5	181245853	181476200	2	CN9line7_1_CKDN210017619-1A_H23WLDSX3_L2
6	152100	250000	2	CN9line7_1_CKDN210017619-1A_H23WLDSX3_L2
6	256765	382200	3	CN9line7_1_CKDN210017619-1A_H23WLDSX3_L2
6	383200	32450469	2	CN9line7_1_CKDN210017619-1A_H23WLDSX3_L2
6	32450784	32622522	3	CN9line7_1_CKDN210017619-1A_H23WLDSX3_L2
6	32623176	33936252	2	CN9line7_1_CKDN210017619-1A_H23WLDSX3_L2
6	33937231	36916210	2	CN9line7_1_CKDN210017619-1A_H23WLDSX3_L2
6	36918400	38846960	2	CN9line7_1_CKDN210017619-1A_H23WLDSX3_L2
6	38848000	41989300	2	CN9line7_1_CKDN210017619-1A_H23WLDSX3_L2
6	41995200	57796000	2	CN9line7_1_CKDN210017619-1A_H23WLDSX3_L2
6	57799886	57822900	1	CN9line7_1_CKDN210017619-1A_H23WLDSX3_L2
6	57824625	58447400	2	CN9line7_1_CKDN210017619-1A_H23WLDSX3_L2
6	58555100	59823900	1	CN9line7_1_CKDN210017619-1A_H23WLDSX3_L2
6	59828800	126057900	2	CN9line7_1_CKDN210017619-1A_H23WLDSX3_L2
6	126061300	126142133	1	CN9line7_1_CKDN210017619-1A_H23WLDSX3_L2
6	126144600	160959100	2	CN9line7_1_CKDN210017619-1A_H23WLDSX3_L2
6	160960100	170743300	1	CN9line7_1_CKDN210017619-1A_H23WLDSX3_L2
7	37445	5667500	2	CN9line7_1_CKDN210017619-1A_H23WLDSX3_L2
7	5669700	35034800	2	CN9line7_1_CKDN210017619-1A_H23WLDSX3_L2
7	35038100	41571100	2	CN9line7_1_CKDN210017619-1A_H23WLDSX3_L2
7	41574500	49430072	4	CN9line7_1_CKDN210017619-1A_H23WLDSX3_L2
7	49430700	53061576	3	CN9line7_1_CKDN210017619-1A_H23WLDSX3_L2
7	53066200	58043900	4	CN9line7_1_CKDN210017619-1A_H23WLDSX3_L2
7	58053000	62454700	5	CN9line7_1_CKDN210017619-1A_H23WLDSX3_L2
7	62507703	63664900	4	CN9line7_1_CKDN210017619-1A_H23WLDSX3_L2
7	63753185	102434589	2	CN9line7_1_CKDN210017619-1A_H23WLDSX3_L2
7	102468200	102692500	3	CN9line7_1_CKDN210017619-1A_H23WLDSX3_L2
7	102774400	159332972	2	CN9line7_1_CKDN210017619-1A_H23WLDSX3_L2
8	196300	7345060	1	CN9line7_1_CKDN210017619-1A_H23WLDSX3_L2
8	7348100	7395222	3	CN9line7_1_CKDN210017619-1A_H23WLDSX3_L2
8	7395726	12486015	1	CN9line7_1_CKDN210017619-1A_H23WLDSX3_L2
8	12486405	14143300	2	CN9line7_1_CKDN210017619-1A_H23WLDSX3_L2
8	14144511	43890000	2	CN9line7_1_CKDN210017619-1A_H23WLDSX3_L2
8	43891900	43955600	1	CN9line7_1_CKDN210017619-1A_H23WLDSX3_L2
8	44049300	45756400	1	CN9line7_1_CKDN210017619-1A_H23WLDSX3_L2
8	45957300	46960596	1	CN9line7_1_CKDN210017619-1A_H23WLDSX3_L2
8	46960864	66284700	1	CN9line7_1_CKDN210017619-1A_H23WLDSX3_L2
8	66284900	66754572	2	CN9line7_1_CKDN210017619-1A_H23WLDSX3_L2
8	66755000	87362100	1	CN9line7_1_CKDN210017619-1A_H23WLDSX3_L2
8	87370488	89550846	1	CN9line7_1_CKDN210017619-1A_H23WLDSX3_L2
8	89551600	90579858	2	CN9line7_1_CKDN210017619-1A_H23WLDSX3_L2
8	90581000	92233400	1	CN9line7_1_CKDN210017619-1A_H23WLDSX3_L2
8	92234100	107803195	2	CN9line7_1_CKDN210017619-1A_H23WLDSX3_L2
8	107805000	111894700	1	CN9line7_1_CKDN210017619-1A_H23WLDSX3_L2
8	111896600	117505600	1	CN9line7_1_CKDN210017619-1A_H23WLDSX3_L2
8	117506509	117604400	3	CN9line7_1_CKDN210017619-1A_H23WLDSX3_L2
8	117604870	130168700	5	CN9line7_1_CKDN210017619-1A_H23WLDSX3_L2
8	130172300	130449500	1	CN9line7_1_CKDN210017619-1A_H23WLDSX3_L2
8	130451900	133231000	2	CN9line7_1_CKDN210017619-1A_H23WLDSX3_L2
8	133232318	133412700	2	CN9line7_1_CKDN210017619-1A_H23WLDSX3_L2
8	133416775	137763744	1	CN9line7_1_CKDN210017619-1A_H23WLDSX3_L2
8	137764700	140060200	2	CN9line7_1_CKDN210017619-1A_H23WLDSX3_L2
8	140060394	141215000	2	CN9line7_1_CKDN210017619-1A_H23WLDSX3_L2
8	141215300	144271800	2	CN9line7_1_CKDN210017619-1A_H23WLDSX3_L2
8	144273300	145075300	1	CN9line7_1_CKDN210017619-1A_H23WLDSX3_L2
9	10775	4064143	2	CN9line7_1_CKDN210017619-1A_H23WLDSX3_L2
9	4072325	6621800	2	CN9line7_1_CKDN210017619-1A_H23WLDSX3_L2
9	6623600	12227524	2	CN9line7_1_CKDN210017619-1A_H23WLDSX3_L2
9	12230900	22592200	2	CN9line7_1_CKDN210017619-1A_H23WLDSX3_L2
9	22593800	30137620	2	CN9line7_1_CKDN210017619-1A_H23WLDSX3_L2
9	30138910	31258553	2	CN9line7_1_CKDN210017619-1A_H23WLDSX3_L2
9	31260311	38820500	2	CN9line7_1_CKDN210017619-1A_H23WLDSX3_L2
9	38822353	39932623	4	CN9line7_1_CKDN210017619-1A_H23WLDSX3_L2
9	39952400	40188500	1	CN9line7_1_CKDN210017619-1A_H23WLDSX3_L2
9	40189800	40870331	6	CN9line7_1_CKDN210017619-1A_H23WLDSX3_L2
9	40870600	41860800	4	CN9line7_1_CKDN210017619-1A_H23WLDSX3_L2
9	41877500	42306512	5	CN9line7_1_CKDN210017619-1A_H23WLDSX3_L2
9	42321450	42415100	4	CN9line7_1_CKDN210017619-1A_H23WLDSX3_L2
9	42434900	61417500	4	CN9line7_1_CKDN210017619-1A_H23WLDSX3_L2
9	61520400	61649600	1	CN9line7_1_CKDN210017619-1A_H23WLDSX3_L2
9	61664934	61969700	1	CN9line7_1_CKDN210017619-1A_H23WLDSX3_L2
9	61971900	61989100	1	CN9line7_1_CKDN210017619-1A_H23WLDSX3_L2
9	61992299	62530300	3	CN9line7_1_CKDN210017619-1A_H23WLDSX3_L2
9	62532300	62822600	4	CN9line7_1_CKDN210017619-1A_H23WLDSX3_L2
9	62823100	63384400	4	CN9line7_1_CKDN210017619-1A_H23WLDSX3_L2
9	63398400	64777300	4	CN9line7_1_CKDN210017619-1A_H23WLDSX3_L2
9	64823100	67774500	4	CN9line7_1_CKDN210017619-1A_H23WLDSX3_L2
9	67776000	72822700	5	CN9line7_1_CKDN210017619-1A_H23WLDSX3_L2
9	72823700	73407746	4	CN9line7_1_CKDN210017619-1A_H23WLDSX3_L2
9	73408882	77100425	5	CN9line7_1_CKDN210017619-1A_H23WLDSX3_L2
9	77101500	84104065	5	CN9line7_1_CKDN210017619-1A_H23WLDSX3_L2
9	84104746	89256256	5	CN9line7_1_CKDN210017619-1A_H23WLDSX3_L2
9	89260600	90217265	4	CN9line7_1_CKDN210017619-1A_H23WLDSX3_L2
9	90217869	109706400	5	CN9line7_1_CKDN210017619-1A_H23WLDSX3_L2
9	109707500	112727433	5	CN9line7_1_CKDN210017619-1A_H23WLDSX3_L2
9	112728500	113055100	5	CN9line7_1_CKDN210017619-1A_H23WLDSX3_L2
9	113055526	113085800	2	CN9line7_1_CKDN210017619-1A_H23WLDSX3_L2
9	113088600	115085000	5	CN9line7_1_CKDN210017619-1A_H23WLDSX3_L2
9	115085500	116173300	5	CN9line7_1_CKDN210017619-1A_H23WLDSX3_L2
9	116174223	116821365	3	CN9line7_1_CKDN210017619-1A_H23WLDSX3_L2
9	116825200	120411000	6	CN9line7_1_CKDN210017619-1A_H23WLDSX3_L2
9	120411600	124513900	5	CN9line7_1_CKDN210017619-1A_H23WLDSX3_L2
9	124515200	125968200	4	CN9line7_1_CKDN210017619-1A_H23WLDSX3_L2
9	125971400	126850941	6	CN9line7_1_CKDN210017619-1A_H23WLDSX3_L2
9	126854500	130947800	4	CN9line7_1_CKDN210017619-1A_H23WLDSX3_L2
9	130948086	132741373	5	CN9line7_1_CKDN210017619-1A_H23WLDSX3_L2
9	132742723	138114741	4	CN9line7_1_CKDN210017619-1A_H23WLDSX3_L2
9	138115710	138232259	3	CN9line7_1_CKDN210017619-1A_H23WLDSX3_L2
10	11600	23374400	1	CN9line7_1_CKDN210017619-1A_H23WLDSX3_L2
10	23377975	23448900	1	CN9line7_1_CKDN210017619-1A_H23WLDSX3_L2
10	23449000	28355360	1	CN9line7_1_CKDN210017619-1A_H23WLDSX3_L2
10	28356300	28803281	1	CN9line7_1_CKDN210017619-1A_H23WLDSX3_L2
10	28803539	28900300	1	CN9line7_1_CKDN210017619-1A_H23WLDSX3_L2
10	28900600	29028288	1	CN9line7_1_CKDN210017619-1A_H23WLDSX3_L2
10	29028778	30048300	1	CN9line7_1_CKDN210017619-1A_H23WLDSX3_L2
10	30048787	30338800	1	CN9line7_1_CKDN210017619-1A_H23WLDSX3_L2
10	30339200	30360889	1	CN9line7_1_CKDN210017619-1A_H23WLDSX3_L2
10	30360900	35786400	2	CN9line7_1_CKDN210017619-1A_H23WLDSX3_L2
10	35787400	38836000	1	CN9line7_1_CKDN210017619-1A_H23WLDSX3_L2
10	38898400	38968600	2	CN9line7_1_CKDN210017619-1A_H23WLDSX3_L2
10	38969100	39575600	1	CN9line7_1_CKDN210017619-1A_H23WLDSX3_L2
10	39576700	41702300	1	CN9line7_1_CKDN210017619-1A_H23WLDSX3_L2
10	41709501	41845181	1	CN9line7_1_CKDN210017619-1A_H23WLDSX3_L2
10	41845600	41856770	3	CN9line7_1_CKDN210017619-1A_H23WLDSX3_L2
10	41857051	41912400	3	CN9line7_1_CKDN210017619-1A_H23WLDSX3_L2
10	41912700	42085300	1	CN9line7_1_CKDN210017619-1A_H23WLDSX3_L2
10	42085900	42467277	2	CN9line7_1_CKDN210017619-1A_H23WLDSX3_L2
10	42467489	45422200	2	CN9line7_1_CKDN210017619-1A_H23WLDSX3_L2
10	45422932	45601499	2	CN9line7_1_CKDN210017619-1A_H23WLDSX3_L2
10	45603400	46378100	2	CN9line7_1_CKDN210017619-1A_H23WLDSX3_L2
10	46388800	46727700	4	CN9line7_1_CKDN210017619-1A_H23WLDSX3_L2
10	46727900	47470000	2	CN9line7_1_CKDN210017619-1A_H23WLDSX3_L2
10	47481600	47679775	3	CN9line7_1_CKDN210017619-1A_H23WLDSX3_L2
10	47680100	50019070	2	CN9line7_1_CKDN210017619-1A_H23WLDSX3_L2
10	50021069	52800200	2	CN9line7_1_CKDN210017619-1A_H23WLDSX3_L2
10	52801205	58066200	2	CN9line7_1_CKDN210017619-1A_H23WLDSX3_L2
10	58067078	63654330	2	CN9line7_1_CKDN210017619-1A_H23WLDSX3_L2
10	63656500	63958300	3	CN9line7_1_CKDN210017619-1A_H23WLDSX3_L2
10	63959885	69355400	2	CN9line7_1_CKDN210017619-1A_H23WLDSX3_L2
10	69358100	70256400	2	CN9line7_1_CKDN210017619-1A_H23WLDSX3_L2
10	70257300	70522449	3	CN9line7_1_CKDN210017619-1A_H23WLDSX3_L2
10	70523900	71876500	2	CN9line7_1_CKDN210017619-1A_H23WLDSX3_L2
10	71880400	75234600	2	CN9line7_1_CKDN210017619-1A_H23WLDSX3_L2
10	75235100	75773300	2	CN9line7_1_CKDN210017619-1A_H23WLDSX3_L2
10	75773600	77195499	3	CN9line7_1_CKDN210017619-1A_H23WLDSX3_L2
10	77196980	77336600	4	CN9line7_1_CKDN210017619-1A_H23WLDSX3_L2
10	77339800	77778035	6	CN9line7_1_CKDN210017619-1A_H23WLDSX3_L2
10	77778400	82808944	6	CN9line7_1_CKDN210017619-1A_H23WLDSX3_L2
10	82876300	86394558	2	CN9line7_1_CKDN210017619-1A_H23WLDSX3_L2
10	86403428	111004124	2	CN9line7_1_CKDN210017619-1A_H23WLDSX3_L2
10	111007291	133783700	2	CN9line7_1_CKDN210017619-1A_H23WLDSX3_L2
11	133500	6400700	1	CN9line7_1_CKDN210017619-1A_H23WLDSX3_L2
11	6419200	37087054	2	CN9line7_1_CKDN210017619-1A_H23WLDSX3_L2
11	37088985	54164900	1	CN9line7_1_CKDN210017619-1A_H23WLDSX3_L2
11	54203500	135065500	3	CN9line7_1_CKDN210017619-1A_H23WLDSX3_L2
12	11800	61337	4	CN9line7_1_CKDN210017619-1A_H23WLDSX3_L2
12	61500	11053700	2	CN9line7_1_CKDN210017619-1A_H23WLDSX3_L2
12	11055600	11443700	1	CN9line7_1_CKDN210017619-1A_H23WLDSX3_L2
12	11444081	26475760	2	CN9line7_1_CKDN210017619-1A_H23WLDSX3_L2
12	26477039	26571600	1	CN9line7_1_CKDN210017619-1A_H23WLDSX3_L2
12	26573937	27916475	2	CN9line7_1_CKDN210017619-1A_H23WLDSX3_L2
12	27920812	34718600	2	CN9line7_1_CKDN210017619-1A_H23WLDSX3_L2
12	34778500	37179900	1	CN9line7_1_CKDN210017619-1A_H23WLDSX3_L2
12	37254100	42083100	2	CN9line7_1_CKDN210017619-1A_H23WLDSX3_L2
12	42084200	96996494	2	CN9line7_1_CKDN210017619-1A_H23WLDSX3_L2
12	96996825	103777677	2	CN9line7_1_CKDN210017619-1A_H23WLDSX3_L2
12	103777800	112652700	2	CN9line7_1_CKDN210017619-1A_H23WLDSX3_L2
12	112654490	119557092	2	CN9line7_1_CKDN210017619-1A_H23WLDSX3_L2
12	119558400	123998900	2	CN9line7_1_CKDN210017619-1A_H23WLDSX3_L2
12	124000634	133260278	2	CN9line7_1_CKDN210017619-1A_H23WLDSX3_L2
13	16003500	16106500	4	CN9line7_1_CKDN210017619-1A_H23WLDSX3_L2
13	16111500	16163700	1	CN9line7_1_CKDN210017619-1A_H23WLDSX3_L2
13	16164200	16425600	2	CN9line7_1_CKDN210017619-1A_H23WLDSX3_L2
13	16428500	17415600	1	CN9line7_1_CKDN210017619-1A_H23WLDSX3_L2
13	17423300	18050000	1	CN9line7_1_CKDN210017619-1A_H23WLDSX3_L2
13	18172300	18354300	4	CN9line7_1_CKDN210017619-1A_H23WLDSX3_L2
13	18409000	20734500	2	CN9line7_1_CKDN210017619-1A_H23WLDSX3_L2
13	20747968	22923100	1	CN9line7_1_CKDN210017619-1A_H23WLDSX3_L2
13	22936663	22967900	2	CN9line7_1_CKDN210017619-1A_H23WLDSX3_L2
13	22968076	62954230	1	CN9line7_1_CKDN210017619-1A_H23WLDSX3_L2
13	62961003	63061700	2	CN9line7_1_CKDN210017619-1A_H23WLDSX3_L2
13	63087518	78668831	1	CN9line7_1_CKDN210017619-1A_H23WLDSX3_L2
13	78689248	114344024	2	CN9line7_1_CKDN210017619-1A_H23WLDSX3_L2
14	16031400	19485500	2	CN9line7_1_CKDN210017619-1A_H23WLDSX3_L2
14	19813700	71792200	2	CN9line7_1_CKDN210017619-1A_H23WLDSX3_L2
14	71813100	72716477	1	CN9line7_1_CKDN210017619-1A_H23WLDSX3_L2
14	72717041	72864938	1	CN9line7_1_CKDN210017619-1A_H23WLDSX3_L2
14	72865087	74322862	1	CN9line7_1_CKDN210017619-1A_H23WLDSX3_L2
14	74323200	74525800	1	CN9line7_1_CKDN210017619-1A_H23WLDSX3_L2
14	74526100	74635500	1	CN9line7_1_CKDN210017619-1A_H23WLDSX3_L2
14	74635750	74684708	1	CN9line7_1_CKDN210017619-1A_H23WLDSX3_L2
14	74684800	99403076	1	CN9line7_1_CKDN210017619-1A_H23WLDSX3_L2
14	99405475	105598200	3	CN9line7_1_CKDN210017619-1A_H23WLDSX3_L2
14	105599853	105764672	5	CN9line7_1_CKDN210017619-1A_H23WLDSX3_L2
14	105765300	106880740	3	CN9line7_1_CKDN210017619-1A_H23WLDSX3_L2
15	17000700	19940608	3	CN9line7_1_CKDN210017619-1A_H23WLDSX3_L2
15	19942330	20239500	1	CN9line7_1_CKDN210017619-1A_H23WLDSX3_L2
15	20239865	20672799	2	CN9line7_1_CKDN210017619-1A_H23WLDSX3_L2
15	20673200	21107600	1	CN9line7_1_CKDN210017619-1A_H23WLDSX3_L2
15	21110300	22193232	2	CN9line7_1_CKDN210017619-1A_H23WLDSX3_L2
15	22221200	22371000	3	CN9line7_1_CKDN210017619-1A_H23WLDSX3_L2
15	22371300	23358164	2	CN9line7_1_CKDN210017619-1A_H23WLDSX3_L2
15	23358500	32119300	1	CN9line7_1_CKDN210017619-1A_H23WLDSX3_L2
15	32128000	50990300	2	CN9line7_1_CKDN210017619-1A_H23WLDSX3_L2
15	50990639	55492700	2	CN9line7_1_CKDN210017619-1A_H23WLDSX3_L2
15	55498216	77698900	2	CN9line7_1_CKDN210017619-1A_H23WLDSX3_L2
15	77700378	101980551	2	CN9line7_1_CKDN210017619-1A_H23WLDSX3_L2
16	11000	3685200	2	CN9line7_1_CKDN210017619-1A_H23WLDSX3_L2
16	3710200	4972600	3	CN9line7_1_CKDN210017619-1A_H23WLDSX3_L2
16	4981914	5062511	2	CN9line7_1_CKDN210017619-1A_H23WLDSX3_L2
16	5070900	7971036	1	CN9line7_1_CKDN210017619-1A_H23WLDSX3_L2
16	7990126	14881100	2	CN9line7_1_CKDN210017619-1A_H23WLDSX3_L2
16	14894900	15047800	4	CN9line7_1_CKDN210017619-1A_H23WLDSX3_L2
16	15049700	21392700	2	CN9line7_1_CKDN210017619-1A_H23WLDSX3_L2
16	21423006	21581900	4	CN9line7_1_CKDN210017619-1A_H23WLDSX3_L2
16	21582200	22432000	2	CN9line7_1_CKDN210017619-1A_H23WLDSX3_L2
16	22438600	22730117	5	CN9line7_1_CKDN210017619-1A_H23WLDSX3_L2
16	22735700	34596100	2	CN9line7_1_CKDN210017619-1A_H23WLDSX3_L2
16	34602300	34948900	1	CN9line7_1_CKDN210017619-1A_H23WLDSX3_L2
16	34949318	34956100	1	CN9line7_1_CKDN210017619-1A_H23WLDSX3_L2
16	34956300	36086600	1	CN9line7_1_CKDN210017619-1A_H23WLDSX3_L2
16	36091200	46460782	2	CN9line7_1_CKDN210017619-1A_H23WLDSX3_L2
16	46461100	55332907	1	CN9line7_1_CKDN210017619-1A_H23WLDSX3_L2
16	55334400	78910200	1	CN9line7_1_CKDN210017619-1A_H23WLDSX3_L2
16	78921724	79026400	1	CN9line7_1_CKDN210017619-1A_H23WLDSX3_L2
16	79029249	87628300	1	CN9line7_1_CKDN210017619-1A_H23WLDSX3_L2
16	87630993	90226937	1	CN9line7_1_CKDN210017619-1A_H23WLDSX3_L2
17	72900	134300	3	CN9line7_1_CKDN210017619-1A_H23WLDSX3_L2
17	134900	8859100	2	CN9line7_1_CKDN210017619-1A_H23WLDSX3_L2
17	8859983	12020800	2	CN9line7_1_CKDN210017619-1A_H23WLDSX3_L2
17	12023300	13000499	2	CN9line7_1_CKDN210017619-1A_H23WLDSX3_L2
17	13001516	18601792	2	CN9line7_1_CKDN210017619-1A_H23WLDSX3_L2
17	18604100	18619100	4	CN9line7_1_CKDN210017619-1A_H23WLDSX3_L2
17	18622100	19524975	2	CN9line7_1_CKDN210017619-1A_H23WLDSX3_L2
17	19526940	21291459	2	CN9line7_1_CKDN210017619-1A_H23WLDSX3_L2
17	21291924	21300954	2	CN9line7_1_CKDN210017619-1A_H23WLDSX3_L2
17	21301250	22120500	2	CN9line7_1_CKDN210017619-1A_H23WLDSX3_L2
17	22123800	22158700	4	CN9line7_1_CKDN210017619-1A_H23WLDSX3_L2
17	22159047	22743900	2	CN9line7_1_CKDN210017619-1A_H23WLDSX3_L2
17	22821600	26622800	1	CN9line7_1_CKDN210017619-1A_H23WLDSX3_L2
17	26625000	26709900	2	CN9line7_1_CKDN210017619-1A_H23WLDSX3_L2
17	26715200	27341738	3	CN9line7_1_CKDN210017619-1A_H23WLDSX3_L2
17	27342500	29628330	2	CN9line7_1_CKDN210017619-1A_H23WLDSX3_L2
17	29629400	31478334	2	CN9line7_1_CKDN210017619-1A_H23WLDSX3_L2
17	31480000	32760299	2	CN9line7_1_CKDN210017619-1A_H23WLDSX3_L2
17	32761392	35175888	2	CN9line7_1_CKDN210017619-1A_H23WLDSX3_L2
17	35177175	36163068	2	CN9line7_1_CKDN210017619-1A_H23WLDSX3_L2
17	36163500	36444900	1	CN9line7_1_CKDN210017619-1A_H23WLDSX3_L2
17	36452600	37876927	2	CN9line7_1_CKDN210017619-1A_H23WLDSX3_L2
17	37878680	38202118	1	CN9line7_1_CKDN210017619-1A_H23WLDSX3_L2
17	38210300	38878000	2	CN9line7_1_CKDN210017619-1A_H23WLDSX3_L2
17	38878631	40722066	2	CN9line7_1_CKDN210017619-1A_H23WLDSX3_L2
17	40723005	42681074	2	CN9line7_1_CKDN210017619-1A_H23WLDSX3_L2
17	42681400	43814069	1	CN9line7_1_CKDN210017619-1A_H23WLDSX3_L2
17	43815100	46084800	2	CN9line7_1_CKDN210017619-1A_H23WLDSX3_L2
17	46086457	46290000	4	CN9line7_1_CKDN210017619-1A_H23WLDSX3_L2
17	46305454	46475100	2	CN9line7_1_CKDN210017619-1A_H23WLDSX3_L2
17	46490300	51370300	2	CN9line7_1_CKDN210017619-1A_H23WLDSX3_L2
17	51372367	55159355	2	CN9line7_1_CKDN210017619-1A_H23WLDSX3_L2
17	55159869	56964400	2	CN9line7_1_CKDN210017619-1A_H23WLDSX3_L2
17	56965334	58753000	3	CN9line7_1_CKDN210017619-1A_H23WLDSX3_L2
17	58754200	66663600	3	CN9line7_1_CKDN210017619-1A_H23WLDSX3_L2
17	66665247	71820200	3	CN9line7_1_CKDN210017619-1A_H23WLDSX3_L2
17	71821576	73560465	5	CN9line7_1_CKDN210017619-1A_H23WLDSX3_L2
17	73560800	74478050	3	CN9line7_1_CKDN210017619-1A_H23WLDSX3_L2
17	74481000	78385000	5	CN9line7_1_CKDN210017619-1A_H23WLDSX3_L2
17	78385596	81695200	3	CN9line7_1_CKDN210017619-1A_H23WLDSX3_L2
17	81696322	81987268	1	CN9line7_1_CKDN210017619-1A_H23WLDSX3_L2
17	81989953	82690900	3	CN9line7_1_CKDN210017619-1A_H23WLDSX3_L2
17	82693620	83244700	3	CN9line7_1_CKDN210017619-1A_H23WLDSX3_L2
18	15000	20150600	2	CN9line7_1_CKDN210017619-1A_H23WLDSX3_L2
18	20330500	20926500	5	CN9line7_1_CKDN210017619-1A_H23WLDSX3_L2
18	20938471	74378516	2	CN9line7_1_CKDN210017619-1A_H23WLDSX3_L2
18	74381900	80193100	1	CN9line7_1_CKDN210017619-1A_H23WLDSX3_L2
18	80194950	80259147	2	CN9line7_1_CKDN210017619-1A_H23WLDSX3_L2
19	75000	254200	5	CN9line7_1_CKDN210017619-1A_H23WLDSX3_L2
19	261200	23536200	2	CN9line7_1_CKDN210017619-1A_H23WLDSX3_L2
19	23554144	24331000	1	CN9line7_1_CKDN210017619-1A_H23WLDSX3_L2
19	24331105	24369012	2	CN9line7_1_CKDN210017619-1A_H23WLDSX3_L2
19	24369123	24414017	1	CN9line7_1_CKDN210017619-1A_H23WLDSX3_L2
19	24414400	24446434	1	CN9line7_1_CKDN210017619-1A_H23WLDSX3_L2
19	24894300	27330586	1	CN9line7_1_CKDN210017619-1A_H23WLDSX3_L2
19	27338600	27399300	2	CN9line7_1_CKDN210017619-1A_H23WLDSX3_L2
19	27401404	37269700	1	CN9line7_1_CKDN210017619-1A_H23WLDSX3_L2
19	37271082	37294800	7	CN9line7_1_CKDN210017619-1A_H23WLDSX3_L2
19	37306600	50099278	2	CN9line7_1_CKDN210017619-1A_H23WLDSX3_L2
19	50099500	50137200	4	CN9line7_1_CKDN210017619-1A_H23WLDSX3_L2
19	50146900	52236760	2	CN9line7_1_CKDN210017619-1A_H23WLDSX3_L2
19	52257550	53748500	3	CN9line7_1_CKDN210017619-1A_H23WLDSX3_L2
19	53755600	54743879	2	CN9line7_1_CKDN210017619-1A_H23WLDSX3_L2
19	54749200	54780600	1	CN9line7_1_CKDN210017619-1A_H23WLDSX3_L2
19	54784238	58317920	2	CN9line7_1_CKDN210017619-1A_H23WLDSX3_L2
19	58323500	58604619	1	CN9line7_1_CKDN210017619-1A_H23WLDSX3_L2
20	61400	11940400	3	CN9line7_1_CKDN210017619-1A_H23WLDSX3_L2
20	11942195	16843500	3	CN9line7_1_CKDN210017619-1A_H23WLDSX3_L2
20	16848906	20345131	3	CN9line7_1_CKDN210017619-1A_H23WLDSX3_L2
20	20350400	25053770	3	CN9line7_1_CKDN210017619-1A_H23WLDSX3_L2
20	25054100	28828300	4	CN9line7_1_CKDN210017619-1A_H23WLDSX3_L2
20	28828700	29348300	3	CN9line7_1_CKDN210017619-1A_H23WLDSX3_L2
20	29349000	30469900	4	CN9line7_1_CKDN210017619-1A_H23WLDSX3_L2
20	30471100	31185700	3	CN9line7_1_CKDN210017619-1A_H23WLDSX3_L2
20	31186400	33921979	3	CN9line7_1_CKDN210017619-1A_H23WLDSX3_L2
20	33922300	37313100	4	CN9line7_1_CKDN210017619-1A_H23WLDSX3_L2
20	37313800	38371200	3	CN9line7_1_CKDN210017619-1A_H23WLDSX3_L2
20	38372750	38518280	3	CN9line7_1_CKDN210017619-1A_H23WLDSX3_L2
20	38519048	38568400	3	CN9line7_1_CKDN210017619-1A_H23WLDSX3_L2
20	38568700	39443000	4	CN9line7_1_CKDN210017619-1A_H23WLDSX3_L2
20	39445400	40528966	3	CN9line7_1_CKDN210017619-1A_H23WLDSX3_L2
20	40529567	40889484	4	CN9line7_1_CKDN210017619-1A_H23WLDSX3_L2
20	40889710	41981224	3	CN9line7_1_CKDN210017619-1A_H23WLDSX3_L2
20	41982899	44422100	3	CN9line7_1_CKDN210017619-1A_H23WLDSX3_L2
20	44422300	44943000	3	CN9line7_1_CKDN210017619-1A_H23WLDSX3_L2
20	44943983	45466200	4	CN9line7_1_CKDN210017619-1A_H23WLDSX3_L2
20	45467919	47022287	3	CN9line7_1_CKDN210017619-1A_H23WLDSX3_L2
20	47023000	47662400	4	CN9line7_1_CKDN210017619-1A_H23WLDSX3_L2
20	47662728	48433259	3	CN9line7_1_CKDN210017619-1A_H23WLDSX3_L2
20	48433827	49310700	4	CN9line7_1_CKDN210017619-1A_H23WLDSX3_L2
20	49310875	53507300	3	CN9line7_1_CKDN210017619-1A_H23WLDSX3_L2
20	53509873	54083922	3	CN9line7_1_CKDN210017619-1A_H23WLDSX3_L2
20	54084900	54448381	3	CN9line7_1_CKDN210017619-1A_H23WLDSX3_L2
20	54450036	56315700	3	CN9line7_1_CKDN210017619-1A_H23WLDSX3_L2
20	56315995	57936222	3	CN9line7_1_CKDN210017619-1A_H23WLDSX3_L2
20	57936864	58068533	4	CN9line7_1_CKDN210017619-1A_H23WLDSX3_L2
20	58068700	59191638	3	CN9line7_1_CKDN210017619-1A_H23WLDSX3_L2
20	59191900	64271927	3	CN9line7_1_CKDN210017619-1A_H23WLDSX3_L2
20	64272182	64333300	4	CN9line7_1_CKDN210017619-1A_H23WLDSX3_L2
21	5085900	6369800	2	CN9line7_1_CKDN210017619-1A_H23WLDSX3_L2
21	6371100	8767200	3	CN9line7_1_CKDN210017619-1A_H23WLDSX3_L2
21	8767500	8988300	2	CN9line7_1_CKDN210017619-1A_H23WLDSX3_L2
21	8988900	9993800	4	CN9line7_1_CKDN210017619-1A_H23WLDSX3_L2
21	9994300	10048382	2	CN9line7_1_CKDN210017619-1A_H23WLDSX3_L2
21	10050500	10448177	4	CN9line7_1_CKDN210017619-1A_H23WLDSX3_L2
21	10448700	10570800	6	CN9line7_1_CKDN210017619-1A_H23WLDSX3_L2
21	10571200	10802100	2	CN9line7_1_CKDN210017619-1A_H23WLDSX3_L2
21	10802300	13120800	3	CN9line7_1_CKDN210017619-1A_H23WLDSX3_L2
21	13125800	13202700	2	CN9line7_1_CKDN210017619-1A_H23WLDSX3_L2
21	13203300	14351728	2	CN9line7_1_CKDN210017619-1A_H23WLDSX3_L2
21	14359221	17018100	2	CN9line7_1_CKDN210017619-1A_H23WLDSX3_L2
21	17019900	20552500	2	CN9line7_1_CKDN210017619-1A_H23WLDSX3_L2
21	20553560	30256260	2	CN9line7_1_CKDN210017619-1A_H23WLDSX3_L2
21	30261100	32186134	2	CN9line7_1_CKDN210017619-1A_H23WLDSX3_L2
21	32187200	35095700	2	CN9line7_1_CKDN210017619-1A_H23WLDSX3_L2
21	35097662	36087866	2	CN9line7_1_CKDN210017619-1A_H23WLDSX3_L2
21	36088382	39527900	2	CN9line7_1_CKDN210017619-1A_H23WLDSX3_L2
21	39531200	46156700	2	CN9line7_1_CKDN210017619-1A_H23WLDSX3_L2
21	46157500	46290400	3	CN9line7_1_CKDN210017619-1A_H23WLDSX3_L2
21	46291495	46652462	2	CN9line7_1_CKDN210017619-1A_H23WLDSX3_L2
21	46653004	46697400	1	CN9line7_1_CKDN210017619-1A_H23WLDSX3_L2
22	10557900	10708900	2	CN9line7_1_CKDN210017619-1A_H23WLDSX3_L2
22	10710600	11068300	2	CN9line7_1_CKDN210017619-1A_H23WLDSX3_L2
22	11131400	11630000	2	CN9line7_1_CKDN210017619-1A_H23WLDSX3_L2
22	11630400	11723000	1	CN9line7_1_CKDN210017619-1A_H23WLDSX3_L2
22	11790600	12033000	2	CN9line7_1_CKDN210017619-1A_H23WLDSX3_L2
22	12034300	12050000	1	CN9line7_1_CKDN210017619-1A_H23WLDSX3_L2
22	12051300	12178700	2	CN9line7_1_CKDN210017619-1A_H23WLDSX3_L2
22	12180000	12374300	4	CN9line7_1_CKDN210017619-1A_H23WLDSX3_L2
22	12375500	12561800	2	CN9line7_1_CKDN210017619-1A_H23WLDSX3_L2
22	12562400	12586700	1	CN9line7_1_CKDN210017619-1A_H23WLDSX3_L2
22	12586900	12693900	2	CN9line7_1_CKDN210017619-1A_H23WLDSX3_L2
22	12694400	16527249	4	CN9line7_1_CKDN210017619-1A_H23WLDSX3_L2
22	16527500	18185323	2	CN9line7_1_CKDN210017619-1A_H23WLDSX3_L2
22	18189400	18649871	1	CN9line7_1_CKDN210017619-1A_H23WLDSX3_L2
22	18727900	28034571	2	CN9line7_1_CKDN210017619-1A_H23WLDSX3_L2
22	28036900	28984856	2	CN9line7_1_CKDN210017619-1A_H23WLDSX3_L2
22	28985300	46902001	2	CN9line7_1_CKDN210017619-1A_H23WLDSX3_L2
22	46902634	49700100	2	CN9line7_1_CKDN210017619-1A_H23WLDSX3_L2
22	49703700	50801200	2	CN9line7_1_CKDN210017619-1A_H23WLDSX3_L2
23	98600	156029565	1	CN9line7_1_CKDN210017619-1A_H23WLDSX3_L2
