chrom	start	end	tcn.em	sample
1	13300	2458914	6	CN9R1_1_CKDN190048205-1A_HV3TFDSXX_L1
1	2459928	2647600	4	CN9R1_1_CKDN190048205-1A_HV3TFDSXX_L1
1	2648000	2688292	2	CN9R1_1_CKDN190048205-1A_HV3TFDSXX_L1
1	2695663	2758500	1	CN9R1_1_CKDN190048205-1A_HV3TFDSXX_L1
1	2768000	5763800	4	CN9R1_1_CKDN190048205-1A_HV3TFDSXX_L1
1	5764100	6167852	4	CN9R1_1_CKDN190048205-1A_HV3TFDSXX_L1
1	6168500	11605518	4	CN9R1_1_CKDN190048205-1A_HV3TFDSXX_L1
1	11606500	12144100	4	CN9R1_1_CKDN190048205-1A_HV3TFDSXX_L1
1	12144500	13260200	5	CN9R1_1_CKDN190048205-1A_HV3TFDSXX_L1
1	13269452	15177907	5	CN9R1_1_CKDN190048205-1A_HV3TFDSXX_L1
1	15178700	15213958	6	CN9R1_1_CKDN190048205-1A_HV3TFDSXX_L1
1	15214902	16575922	4	CN9R1_1_CKDN190048205-1A_HV3TFDSXX_L1
1	16576166	16625882	6	CN9R1_1_CKDN190048205-1A_HV3TFDSXX_L1
1	16626319	16863923	4	CN9R1_1_CKDN190048205-1A_HV3TFDSXX_L1
1	16864023	16948870	8	CN9R1_1_CKDN190048205-1A_HV3TFDSXX_L1
1	16949600	17099900	4	CN9R1_1_CKDN190048205-1A_HV3TFDSXX_L1
1	17100431	32737098	5	CN9R1_1_CKDN190048205-1A_HV3TFDSXX_L1
1	32738116	33074600	4	CN9R1_1_CKDN190048205-1A_HV3TFDSXX_L1
1	33074941	41419500	4	CN9R1_1_CKDN190048205-1A_HV3TFDSXX_L1
1	41419982	42945925	4	CN9R1_1_CKDN190048205-1A_HV3TFDSXX_L1
1	42946200	47169300	5	CN9R1_1_CKDN190048205-1A_HV3TFDSXX_L1
1	47169924	50105700	5	CN9R1_1_CKDN190048205-1A_HV3TFDSXX_L1
1	50106300	53503575	5	CN9R1_1_CKDN190048205-1A_HV3TFDSXX_L1
1	53505660	55775300	4	CN9R1_1_CKDN190048205-1A_HV3TFDSXX_L1
1	55778010	55842684	1	CN9R1_1_CKDN190048205-1A_HV3TFDSXX_L1
1	55844400	57560931	4	CN9R1_1_CKDN190048205-1A_HV3TFDSXX_L1
1	57563034	60210996	6	CN9R1_1_CKDN190048205-1A_HV3TFDSXX_L1
1	60211200	63700063	4	CN9R1_1_CKDN190048205-1A_HV3TFDSXX_L1
1	63700300	67053650	6	CN9R1_1_CKDN190048205-1A_HV3TFDSXX_L1
1	67054529	67288345	4	CN9R1_1_CKDN190048205-1A_HV3TFDSXX_L1
1	67288400	68478800	5	CN9R1_1_CKDN190048205-1A_HV3TFDSXX_L1
1	68480600	71724589	3	CN9R1_1_CKDN190048205-1A_HV3TFDSXX_L1
1	71725100	74988307	3	CN9R1_1_CKDN190048205-1A_HV3TFDSXX_L1
1	74988517	105305684	3	CN9R1_1_CKDN190048205-1A_HV3TFDSXX_L1
1	105307149	106981403	4	CN9R1_1_CKDN190048205-1A_HV3TFDSXX_L1
1	106982100	114910441	3	CN9R1_1_CKDN190048205-1A_HV3TFDSXX_L1
1	114911993	115171920	4	CN9R1_1_CKDN190048205-1A_HV3TFDSXX_L1
1	115172263	124512000	3	CN9R1_1_CKDN190048205-1A_HV3TFDSXX_L1
1	124512900	125067100	3	CN9R1_1_CKDN190048205-1A_HV3TFDSXX_L1
1	125069000	155715700	6	CN9R1_1_CKDN190048205-1A_HV3TFDSXX_L1
1	155734145	158664500	4	CN9R1_1_CKDN190048205-1A_HV3TFDSXX_L1
1	158695081	167600200	6	CN9R1_1_CKDN190048205-1A_HV3TFDSXX_L1
1	167609900	219566565	3	CN9R1_1_CKDN190048205-1A_HV3TFDSXX_L1
1	219586500	219952600	15	CN9R1_1_CKDN190048205-1A_HV3TFDSXX_L1
1	220007100	220333387	6	CN9R1_1_CKDN190048205-1A_HV3TFDSXX_L1
1	220333754	223085900	10	CN9R1_1_CKDN190048205-1A_HV3TFDSXX_L1
1	223133800	223409411	3	CN9R1_1_CKDN190048205-1A_HV3TFDSXX_L1
1	223411974	225033200	9	CN9R1_1_CKDN190048205-1A_HV3TFDSXX_L1
1	225066800	248944400	3	CN9R1_1_CKDN190048205-1A_HV3TFDSXX_L1
2	740580	87341700	4	CN9R1_1_CKDN190048205-1A_HV3TFDSXX_L1
2	87341900	90377600	7	CN9R1_1_CKDN190048205-1A_HV3TFDSXX_L1
2	90380600	91586200	10	CN9R1_1_CKDN190048205-1A_HV3TFDSXX_L1
2	91586362	94505600	7	CN9R1_1_CKDN190048205-1A_HV3TFDSXX_L1
2	94512800	240786700	5	CN9R1_1_CKDN190048205-1A_HV3TFDSXX_L1
3	17200	6285971	6	CN9R1_1_CKDN190048205-1A_HV3TFDSXX_L1
3	6296311	11453271	4	CN9R1_1_CKDN190048205-1A_HV3TFDSXX_L1
3	11481900	17049400	6	CN9R1_1_CKDN190048205-1A_HV3TFDSXX_L1
3	17104600	54893800	3	CN9R1_1_CKDN190048205-1A_HV3TFDSXX_L1
3	54916401	59741500	5	CN9R1_1_CKDN190048205-1A_HV3TFDSXX_L1
3	59741566	75642600	3	CN9R1_1_CKDN190048205-1A_HV3TFDSXX_L1
3	75663500	75706429	6	CN9R1_1_CKDN190048205-1A_HV3TFDSXX_L1
3	75727600	89639540	3	CN9R1_1_CKDN190048205-1A_HV3TFDSXX_L1
3	89670692	98059100	5	CN9R1_1_CKDN190048205-1A_HV3TFDSXX_L1
3	98059993	98241374	4	CN9R1_1_CKDN190048205-1A_HV3TFDSXX_L1
3	98242556	98762034	5	CN9R1_1_CKDN190048205-1A_HV3TFDSXX_L1
3	98762600	99074612	5	CN9R1_1_CKDN190048205-1A_HV3TFDSXX_L1
3	99075527	101096900	5	CN9R1_1_CKDN190048205-1A_HV3TFDSXX_L1
3	101098100	101114071	4	CN9R1_1_CKDN190048205-1A_HV3TFDSXX_L1
3	101114904	102205300	5	CN9R1_1_CKDN190048205-1A_HV3TFDSXX_L1
3	102205596	110000291	5	CN9R1_1_CKDN190048205-1A_HV3TFDSXX_L1
3	110000590	112724095	5	CN9R1_1_CKDN190048205-1A_HV3TFDSXX_L1
3	112725453	118674063	5	CN9R1_1_CKDN190048205-1A_HV3TFDSXX_L1
3	118674690	119409551	4	CN9R1_1_CKDN190048205-1A_HV3TFDSXX_L1
3	119410956	125469330	5	CN9R1_1_CKDN190048205-1A_HV3TFDSXX_L1
3	125469600	125485500	5	CN9R1_1_CKDN190048205-1A_HV3TFDSXX_L1
3	125485988	125951500	4	CN9R1_1_CKDN190048205-1A_HV3TFDSXX_L1
3	125951700	127920600	4	CN9R1_1_CKDN190048205-1A_HV3TFDSXX_L1
3	127921300	129006033	4	CN9R1_1_CKDN190048205-1A_HV3TFDSXX_L1
3	129006723	140477200	5	CN9R1_1_CKDN190048205-1A_HV3TFDSXX_L1
3	140477359	141773577	4	CN9R1_1_CKDN190048205-1A_HV3TFDSXX_L1
3	141773843	142247300	4	CN9R1_1_CKDN190048205-1A_HV3TFDSXX_L1
3	142248192	145985500	5	CN9R1_1_CKDN190048205-1A_HV3TFDSXX_L1
3	145987300	149113700	6	CN9R1_1_CKDN190048205-1A_HV3TFDSXX_L1
3	149114431	149245100	4	CN9R1_1_CKDN190048205-1A_HV3TFDSXX_L1
3	149246000	149253100	1	CN9R1_1_CKDN190048205-1A_HV3TFDSXX_L1
3	149256200	153024622	5	CN9R1_1_CKDN190048205-1A_HV3TFDSXX_L1
3	153025800	155884988	6	CN9R1_1_CKDN190048205-1A_HV3TFDSXX_L1
3	155886900	160652909	5	CN9R1_1_CKDN190048205-1A_HV3TFDSXX_L1
3	160653900	161945897	4	CN9R1_1_CKDN190048205-1A_HV3TFDSXX_L1
3	161949500	170399809	4	CN9R1_1_CKDN190048205-1A_HV3TFDSXX_L1
3	170399900	173035500	6	CN9R1_1_CKDN190048205-1A_HV3TFDSXX_L1
3	173035600	173454900	4	CN9R1_1_CKDN190048205-1A_HV3TFDSXX_L1
3	173455400	183116200	5	CN9R1_1_CKDN190048205-1A_HV3TFDSXX_L1
3	183118454	184616240	5	CN9R1_1_CKDN190048205-1A_HV3TFDSXX_L1
3	184617853	186134300	4	CN9R1_1_CKDN190048205-1A_HV3TFDSXX_L1
3	186134700	191044900	5	CN9R1_1_CKDN190048205-1A_HV3TFDSXX_L1
3	191046949	191317818	4	CN9R1_1_CKDN190048205-1A_HV3TFDSXX_L1
3	191318493	194621892	4	CN9R1_1_CKDN190048205-1A_HV3TFDSXX_L1
3	194622000	196193113	6	CN9R1_1_CKDN190048205-1A_HV3TFDSXX_L1
3	196194700	198191100	5	CN9R1_1_CKDN190048205-1A_HV3TFDSXX_L1
4	15100	68300	6	CN9R1_1_CKDN190048205-1A_HV3TFDSXX_L1
4	103600	48846700	3	CN9R1_1_CKDN190048205-1A_HV3TFDSXX_L1
4	48906800	49333300	5	CN9R1_1_CKDN190048205-1A_HV3TFDSXX_L1
4	49500990	188056500	3	CN9R1_1_CKDN190048205-1A_HV3TFDSXX_L1
4	188134200	190119500	4	CN9R1_1_CKDN190048205-1A_HV3TFDSXX_L1
5	11700	642800	8	CN9R1_1_CKDN190048205-1A_HV3TFDSXX_L1
5	643700	770706	2	CN9R1_1_CKDN190048205-1A_HV3TFDSXX_L1
5	770929	892919	6	CN9R1_1_CKDN190048205-1A_HV3TFDSXX_L1
5	895811	1006700	12	CN9R1_1_CKDN190048205-1A_HV3TFDSXX_L1
5	1008400	1015055	6	CN9R1_1_CKDN190048205-1A_HV3TFDSXX_L1
5	1016000	1055450	12	CN9R1_1_CKDN190048205-1A_HV3TFDSXX_L1
5	1056400	1138700	6	CN9R1_1_CKDN190048205-1A_HV3TFDSXX_L1
5	1139487	1169487	11	CN9R1_1_CKDN190048205-1A_HV3TFDSXX_L1
5	1171583	1183300	2	CN9R1_1_CKDN190048205-1A_HV3TFDSXX_L1
5	1184494	1302000	5	CN9R1_1_CKDN190048205-1A_HV3TFDSXX_L1
5	1303600	1386128	11	CN9R1_1_CKDN190048205-1A_HV3TFDSXX_L1
5	1388400	1643100	5	CN9R1_1_CKDN190048205-1A_HV3TFDSXX_L1
5	1644200	1713200	8	CN9R1_1_CKDN190048205-1A_HV3TFDSXX_L1
5	1716883	2021700	2	CN9R1_1_CKDN190048205-1A_HV3TFDSXX_L1
5	2022050	2272134	4	CN9R1_1_CKDN190048205-1A_HV3TFDSXX_L1
5	2273484	2554673	2	CN9R1_1_CKDN190048205-1A_HV3TFDSXX_L1
5	2555810	2693900	7	CN9R1_1_CKDN190048205-1A_HV3TFDSXX_L1
5	2696500	2814280	10	CN9R1_1_CKDN190048205-1A_HV3TFDSXX_L1
5	2815300	3667694	7	CN9R1_1_CKDN190048205-1A_HV3TFDSXX_L1
5	3670202	4011400	11	CN9R1_1_CKDN190048205-1A_HV3TFDSXX_L1
5	4013879	4230700	2	CN9R1_1_CKDN190048205-1A_HV3TFDSXX_L1
5	4231700	4753200	13	CN9R1_1_CKDN190048205-1A_HV3TFDSXX_L1
5	4757300	4939500	6	CN9R1_1_CKDN190048205-1A_HV3TFDSXX_L1
5	4939898	5062934	7	CN9R1_1_CKDN190048205-1A_HV3TFDSXX_L1
5	5065500	5332209	2	CN9R1_1_CKDN190048205-1A_HV3TFDSXX_L1
5	5332900	5438276	11	CN9R1_1_CKDN190048205-1A_HV3TFDSXX_L1
5	5440100	5607837	14	CN9R1_1_CKDN190048205-1A_HV3TFDSXX_L1
5	5610322	5771541	10	CN9R1_1_CKDN190048205-1A_HV3TFDSXX_L1
5	5772700	6674448	2	CN9R1_1_CKDN190048205-1A_HV3TFDSXX_L1
5	6675693	7465623	11	CN9R1_1_CKDN190048205-1A_HV3TFDSXX_L1
5	7468576	7770900	2	CN9R1_1_CKDN190048205-1A_HV3TFDSXX_L1
5	7776684	7962750	14	CN9R1_1_CKDN190048205-1A_HV3TFDSXX_L1
5	7966200	8229300	8	CN9R1_1_CKDN190048205-1A_HV3TFDSXX_L1
5	8230135	8352038	3	CN9R1_1_CKDN190048205-1A_HV3TFDSXX_L1
5	8353700	8962907	5	CN9R1_1_CKDN190048205-1A_HV3TFDSXX_L1
5	8964800	9613134	3	CN9R1_1_CKDN190048205-1A_HV3TFDSXX_L1
5	9613570	9793600	8	CN9R1_1_CKDN190048205-1A_HV3TFDSXX_L1
5	9796320	10452919	11	CN9R1_1_CKDN190048205-1A_HV3TFDSXX_L1
5	10453800	10662700	14	CN9R1_1_CKDN190048205-1A_HV3TFDSXX_L1
5	10664400	10854860	11	CN9R1_1_CKDN190048205-1A_HV3TFDSXX_L1
5	10856020	10899921	8	CN9R1_1_CKDN190048205-1A_HV3TFDSXX_L1
5	10900375	10921800	3	CN9R1_1_CKDN190048205-1A_HV3TFDSXX_L1
5	10922800	11198977	8	CN9R1_1_CKDN190048205-1A_HV3TFDSXX_L1
5	11199700	12032873	10	CN9R1_1_CKDN190048205-1A_HV3TFDSXX_L1
5	12034919	12847500	3	CN9R1_1_CKDN190048205-1A_HV3TFDSXX_L1
5	12850652	12865800	12	CN9R1_1_CKDN190048205-1A_HV3TFDSXX_L1
5	12868600	13044092	3	CN9R1_1_CKDN190048205-1A_HV3TFDSXX_L1
5	13047300	13249965	6	CN9R1_1_CKDN190048205-1A_HV3TFDSXX_L1
5	13250936	13264600	3	CN9R1_1_CKDN190048205-1A_HV3TFDSXX_L1
5	13267500	13831901	9	CN9R1_1_CKDN190048205-1A_HV3TFDSXX_L1
5	13833200	14032800	12	CN9R1_1_CKDN190048205-1A_HV3TFDSXX_L1
5	14034770	14131285	9	CN9R1_1_CKDN190048205-1A_HV3TFDSXX_L1
5	14131796	14465400	16	CN9R1_1_CKDN190048205-1A_HV3TFDSXX_L1
5	14466100	15311100	6	CN9R1_1_CKDN190048205-1A_HV3TFDSXX_L1
5	15313461	15610210	11	CN9R1_1_CKDN190048205-1A_HV3TFDSXX_L1
5	15612206	15619342	5	CN9R1_1_CKDN190048205-1A_HV3TFDSXX_L1
5	15619800	15823565	12	CN9R1_1_CKDN190048205-1A_HV3TFDSXX_L1
5	15823750	15992058	6	CN9R1_1_CKDN190048205-1A_HV3TFDSXX_L1
5	15994512	16138500	3	CN9R1_1_CKDN190048205-1A_HV3TFDSXX_L1
5	16138900	16154800	9	CN9R1_1_CKDN190048205-1A_HV3TFDSXX_L1
5	16156700	16401069	3	CN9R1_1_CKDN190048205-1A_HV3TFDSXX_L1
5	16401153	16802900	5	CN9R1_1_CKDN190048205-1A_HV3TFDSXX_L1
5	16803300	16859583	10	CN9R1_1_CKDN190048205-1A_HV3TFDSXX_L1
5	16859866	17421400	8	CN9R1_1_CKDN190048205-1A_HV3TFDSXX_L1
5	17422705	17514900	11	CN9R1_1_CKDN190048205-1A_HV3TFDSXX_L1
5	17515200	17599500	33	CN9R1_1_CKDN190048205-1A_HV3TFDSXX_L1
5	17599900	17832305	10	CN9R1_1_CKDN190048205-1A_HV3TFDSXX_L1
5	17833400	18308300	6	CN9R1_1_CKDN190048205-1A_HV3TFDSXX_L1
5	18309800	18685568	9	CN9R1_1_CKDN190048205-1A_HV3TFDSXX_L1
5	18687800	18880100	14	CN9R1_1_CKDN190048205-1A_HV3TFDSXX_L1
5	18881589	19265500	6	CN9R1_1_CKDN190048205-1A_HV3TFDSXX_L1
5	19265943	19385815	3	CN9R1_1_CKDN190048205-1A_HV3TFDSXX_L1
5	19387500	19826356	10	CN9R1_1_CKDN190048205-1A_HV3TFDSXX_L1
5	19826754	19974400	6	CN9R1_1_CKDN190048205-1A_HV3TFDSXX_L1
5	19975777	20357868	11	CN9R1_1_CKDN190048205-1A_HV3TFDSXX_L1
5	20359600	20979900	8	CN9R1_1_CKDN190048205-1A_HV3TFDSXX_L1
5	20982045	21408100	16	CN9R1_1_CKDN190048205-1A_HV3TFDSXX_L1
5	21409900	21750300	14	CN9R1_1_CKDN190048205-1A_HV3TFDSXX_L1
5	21751622	21816000	6	CN9R1_1_CKDN190048205-1A_HV3TFDSXX_L1
5	21817000	22854600	3	CN9R1_1_CKDN190048205-1A_HV3TFDSXX_L1
5	22856225	23303800	5	CN9R1_1_CKDN190048205-1A_HV3TFDSXX_L1
5	23303976	23611473	6	CN9R1_1_CKDN190048205-1A_HV3TFDSXX_L1
5	23612100	24049500	4	CN9R1_1_CKDN190048205-1A_HV3TFDSXX_L1
5	24050400	24262656	11	CN9R1_1_CKDN190048205-1A_HV3TFDSXX_L1
5	24264233	24586000	7	CN9R1_1_CKDN190048205-1A_HV3TFDSXX_L1
5	24588324	25013972	14	CN9R1_1_CKDN190048205-1A_HV3TFDSXX_L1
5	25018105	25655151	20	CN9R1_1_CKDN190048205-1A_HV3TFDSXX_L1
5	25657542	25926900	13	CN9R1_1_CKDN190048205-1A_HV3TFDSXX_L1
5	25927742	26494645	20	CN9R1_1_CKDN190048205-1A_HV3TFDSXX_L1
5	26496839	28274600	5	CN9R1_1_CKDN190048205-1A_HV3TFDSXX_L1
5	28277300	30633000	4	CN9R1_1_CKDN190048205-1A_HV3TFDSXX_L1
5	30633636	31074800	4	CN9R1_1_CKDN190048205-1A_HV3TFDSXX_L1
5	31075500	31546632	4	CN9R1_1_CKDN190048205-1A_HV3TFDSXX_L1
5	31547454	32059648	4	CN9R1_1_CKDN190048205-1A_HV3TFDSXX_L1
5	32060000	34175162	6	CN9R1_1_CKDN190048205-1A_HV3TFDSXX_L1
5	34178500	34197200	19	CN9R1_1_CKDN190048205-1A_HV3TFDSXX_L1
5	34200657	34544100	4	CN9R1_1_CKDN190048205-1A_HV3TFDSXX_L1
5	34545162	40150272	4	CN9R1_1_CKDN190048205-1A_HV3TFDSXX_L1
5	40150472	44612400	5	CN9R1_1_CKDN190048205-1A_HV3TFDSXX_L1
5	44614367	46625400	4	CN9R1_1_CKDN190048205-1A_HV3TFDSXX_L1
5	46627900	47042100	1	CN9R1_1_CKDN190048205-1A_HV3TFDSXX_L1
5	47075600	47146500	3	CN9R1_1_CKDN190048205-1A_HV3TFDSXX_L1
5	47150300	47279000	1	CN9R1_1_CKDN190048205-1A_HV3TFDSXX_L1
5	47289700	49674500	5	CN9R1_1_CKDN190048205-1A_HV3TFDSXX_L1
5	49676700	49998900	1	CN9R1_1_CKDN190048205-1A_HV3TFDSXX_L1
5	50001100	51896000	4	CN9R1_1_CKDN190048205-1A_HV3TFDSXX_L1
5	51896748	52083327	4	CN9R1_1_CKDN190048205-1A_HV3TFDSXX_L1
5	52084065	52402138	5	CN9R1_1_CKDN190048205-1A_HV3TFDSXX_L1
5	52403100	52775400	4	CN9R1_1_CKDN190048205-1A_HV3TFDSXX_L1
5	52775800	53403928	6	CN9R1_1_CKDN190048205-1A_HV3TFDSXX_L1
5	53404273	53677900	4	CN9R1_1_CKDN190048205-1A_HV3TFDSXX_L1
5	53678804	54531658	6	CN9R1_1_CKDN190048205-1A_HV3TFDSXX_L1
5	54534929	55572653	4	CN9R1_1_CKDN190048205-1A_HV3TFDSXX_L1
5	55572968	55715135	4	CN9R1_1_CKDN190048205-1A_HV3TFDSXX_L1
5	55715398	59424400	4	CN9R1_1_CKDN190048205-1A_HV3TFDSXX_L1
5	59424832	60058100	6	CN9R1_1_CKDN190048205-1A_HV3TFDSXX_L1
5	60058628	61107551	4	CN9R1_1_CKDN190048205-1A_HV3TFDSXX_L1
5	61108749	62260600	6	CN9R1_1_CKDN190048205-1A_HV3TFDSXX_L1
5	62261079	62924475	5	CN9R1_1_CKDN190048205-1A_HV3TFDSXX_L1
5	62925400	63077120	4	CN9R1_1_CKDN190048205-1A_HV3TFDSXX_L1
5	63078900	64614600	4	CN9R1_1_CKDN190048205-1A_HV3TFDSXX_L1
5	64615200	65767700	4	CN9R1_1_CKDN190048205-1A_HV3TFDSXX_L1
5	65768500	65906663	4	CN9R1_1_CKDN190048205-1A_HV3TFDSXX_L1
5	65907213	66321592	4	CN9R1_1_CKDN190048205-1A_HV3TFDSXX_L1
5	66323185	67184600	4	CN9R1_1_CKDN190048205-1A_HV3TFDSXX_L1
5	67185471	69021057	6	CN9R1_1_CKDN190048205-1A_HV3TFDSXX_L1
5	69021400	69304400	4	CN9R1_1_CKDN190048205-1A_HV3TFDSXX_L1
5	69305093	71950800	6	CN9R1_1_CKDN190048205-1A_HV3TFDSXX_L1
5	71951430	72187914	4	CN9R1_1_CKDN190048205-1A_HV3TFDSXX_L1
5	72188217	72605000	4	CN9R1_1_CKDN190048205-1A_HV3TFDSXX_L1
5	72606047	72784711	4	CN9R1_1_CKDN190048205-1A_HV3TFDSXX_L1
5	72786000	73303800	4	CN9R1_1_CKDN190048205-1A_HV3TFDSXX_L1
5	73303900	74079304	6	CN9R1_1_CKDN190048205-1A_HV3TFDSXX_L1
5	74080062	74694900	4	CN9R1_1_CKDN190048205-1A_HV3TFDSXX_L1
5	74695898	74884883	4	CN9R1_1_CKDN190048205-1A_HV3TFDSXX_L1
5	74885326	75650693	4	CN9R1_1_CKDN190048205-1A_HV3TFDSXX_L1
5	75650837	75844281	4	CN9R1_1_CKDN190048205-1A_HV3TFDSXX_L1
5	75845320	76619400	6	CN9R1_1_CKDN190048205-1A_HV3TFDSXX_L1
5	76620245	76862845	4	CN9R1_1_CKDN190048205-1A_HV3TFDSXX_L1
5	76863300	77424935	5	CN9R1_1_CKDN190048205-1A_HV3TFDSXX_L1
5	77425414	77660376	4	CN9R1_1_CKDN190048205-1A_HV3TFDSXX_L1
5	77660737	82280500	4	CN9R1_1_CKDN190048205-1A_HV3TFDSXX_L1
5	82281133	82724587	4	CN9R1_1_CKDN190048205-1A_HV3TFDSXX_L1
5	82725200	86147012	5	CN9R1_1_CKDN190048205-1A_HV3TFDSXX_L1
5	86147600	86243035	4	CN9R1_1_CKDN190048205-1A_HV3TFDSXX_L1
5	86243507	87479114	6	CN9R1_1_CKDN190048205-1A_HV3TFDSXX_L1
5	87480003	87784695	4	CN9R1_1_CKDN190048205-1A_HV3TFDSXX_L1
5	87785600	90521888	4	CN9R1_1_CKDN190048205-1A_HV3TFDSXX_L1
5	90522256	91228300	6	CN9R1_1_CKDN190048205-1A_HV3TFDSXX_L1
5	91228600	91499570	4	CN9R1_1_CKDN190048205-1A_HV3TFDSXX_L1
5	91500600	91628000	4	CN9R1_1_CKDN190048205-1A_HV3TFDSXX_L1
5	91628598	93796000	4	CN9R1_1_CKDN190048205-1A_HV3TFDSXX_L1
5	93797016	94984000	4	CN9R1_1_CKDN190048205-1A_HV3TFDSXX_L1
5	94984319	97530177	6	CN9R1_1_CKDN190048205-1A_HV3TFDSXX_L1
5	97531068	97691994	4	CN9R1_1_CKDN190048205-1A_HV3TFDSXX_L1
5	97692133	99328775	6	CN9R1_1_CKDN190048205-1A_HV3TFDSXX_L1
5	99328900	101957900	4	CN9R1_1_CKDN190048205-1A_HV3TFDSXX_L1
5	101958400	102243100	4	CN9R1_1_CKDN190048205-1A_HV3TFDSXX_L1
5	102243600	103513950	4	CN9R1_1_CKDN190048205-1A_HV3TFDSXX_L1
5	103516600	106979831	5	CN9R1_1_CKDN190048205-1A_HV3TFDSXX_L1
5	106981558	109272760	4	CN9R1_1_CKDN190048205-1A_HV3TFDSXX_L1
5	109272969	109985100	6	CN9R1_1_CKDN190048205-1A_HV3TFDSXX_L1
5	109985377	111386600	4	CN9R1_1_CKDN190048205-1A_HV3TFDSXX_L1
5	111387115	111666703	4	CN9R1_1_CKDN190048205-1A_HV3TFDSXX_L1
5	111666987	112652885	5	CN9R1_1_CKDN190048205-1A_HV3TFDSXX_L1
5	112653249	113148100	4	CN9R1_1_CKDN190048205-1A_HV3TFDSXX_L1
5	113148564	116130233	4	CN9R1_1_CKDN190048205-1A_HV3TFDSXX_L1
5	116130451	119992436	5	CN9R1_1_CKDN190048205-1A_HV3TFDSXX_L1
5	119992500	120040065	4	CN9R1_1_CKDN190048205-1A_HV3TFDSXX_L1
5	120040500	120233331	4	CN9R1_1_CKDN190048205-1A_HV3TFDSXX_L1
5	120233900	120493700	4	CN9R1_1_CKDN190048205-1A_HV3TFDSXX_L1
5	120494041	121061300	4	CN9R1_1_CKDN190048205-1A_HV3TFDSXX_L1
5	121062338	121190100	4	CN9R1_1_CKDN190048205-1A_HV3TFDSXX_L1
5	121191708	121578602	4	CN9R1_1_CKDN190048205-1A_HV3TFDSXX_L1
5	121579333	122481827	5	CN9R1_1_CKDN190048205-1A_HV3TFDSXX_L1
5	122483900	122693874	4	CN9R1_1_CKDN190048205-1A_HV3TFDSXX_L1
5	122694095	126138897	5	CN9R1_1_CKDN190048205-1A_HV3TFDSXX_L1
5	126139179	126361610	4	CN9R1_1_CKDN190048205-1A_HV3TFDSXX_L1
5	126362265	126534500	4	CN9R1_1_CKDN190048205-1A_HV3TFDSXX_L1
5	126534820	128204284	4	CN9R1_1_CKDN190048205-1A_HV3TFDSXX_L1
5	128204600	129680500	6	CN9R1_1_CKDN190048205-1A_HV3TFDSXX_L1
5	129681000	130894000	4	CN9R1_1_CKDN190048205-1A_HV3TFDSXX_L1
5	130894400	132017853	4	CN9R1_1_CKDN190048205-1A_HV3TFDSXX_L1
5	132018122	133167613	4	CN9R1_1_CKDN190048205-1A_HV3TFDSXX_L1
5	133167986	133660020	5	CN9R1_1_CKDN190048205-1A_HV3TFDSXX_L1
5	133660448	135633900	5	CN9R1_1_CKDN190048205-1A_HV3TFDSXX_L1
5	135634394	135706119	4	CN9R1_1_CKDN190048205-1A_HV3TFDSXX_L1
5	135706921	135715100	4	CN9R1_1_CKDN190048205-1A_HV3TFDSXX_L1
5	135715672	135779200	4	CN9R1_1_CKDN190048205-1A_HV3TFDSXX_L1
5	135779516	135785500	1	CN9R1_1_CKDN190048205-1A_HV3TFDSXX_L1
5	135785800	135836400	4	CN9R1_1_CKDN190048205-1A_HV3TFDSXX_L1
5	135836800	137911393	5	CN9R1_1_CKDN190048205-1A_HV3TFDSXX_L1
5	137912079	142589328	6	CN9R1_1_CKDN190048205-1A_HV3TFDSXX_L1
5	142589362	143041088	4	CN9R1_1_CKDN190048205-1A_HV3TFDSXX_L1
5	143041600	144298300	5	CN9R1_1_CKDN190048205-1A_HV3TFDSXX_L1
5	144298800	146743822	4	CN9R1_1_CKDN190048205-1A_HV3TFDSXX_L1
5	146744682	146917100	4	CN9R1_1_CKDN190048205-1A_HV3TFDSXX_L1
5	146918000	148117900	6	CN9R1_1_CKDN190048205-1A_HV3TFDSXX_L1
5	148120500	148644024	4	CN9R1_1_CKDN190048205-1A_HV3TFDSXX_L1
5	148644829	148791866	4	CN9R1_1_CKDN190048205-1A_HV3TFDSXX_L1
5	148792800	149170784	6	CN9R1_1_CKDN190048205-1A_HV3TFDSXX_L1
5	149171181	149688400	4	CN9R1_1_CKDN190048205-1A_HV3TFDSXX_L1
5	149688691	149853300	4	CN9R1_1_CKDN190048205-1A_HV3TFDSXX_L1
5	149854000	152585152	5	CN9R1_1_CKDN190048205-1A_HV3TFDSXX_L1
5	152585480	154156100	4	CN9R1_1_CKDN190048205-1A_HV3TFDSXX_L1
5	154157466	156951600	5	CN9R1_1_CKDN190048205-1A_HV3TFDSXX_L1
5	156954200	157392100	4	CN9R1_1_CKDN190048205-1A_HV3TFDSXX_L1
5	157392370	159524321	4	CN9R1_1_CKDN190048205-1A_HV3TFDSXX_L1
5	159526100	159659341	4	CN9R1_1_CKDN190048205-1A_HV3TFDSXX_L1
5	159660413	160059809	5	CN9R1_1_CKDN190048205-1A_HV3TFDSXX_L1
5	160060946	160128347	6	CN9R1_1_CKDN190048205-1A_HV3TFDSXX_L1
5	160129100	160785500	4	CN9R1_1_CKDN190048205-1A_HV3TFDSXX_L1
5	160785956	161190000	4	CN9R1_1_CKDN190048205-1A_HV3TFDSXX_L1
5	161191043	163272518	5	CN9R1_1_CKDN190048205-1A_HV3TFDSXX_L1
5	163272800	163876658	4	CN9R1_1_CKDN190048205-1A_HV3TFDSXX_L1
5	163878100	164250272	4	CN9R1_1_CKDN190048205-1A_HV3TFDSXX_L1
5	164250900	168949774	5	CN9R1_1_CKDN190048205-1A_HV3TFDSXX_L1
5	168950355	169986100	4	CN9R1_1_CKDN190048205-1A_HV3TFDSXX_L1
5	169986608	172337727	5	CN9R1_1_CKDN190048205-1A_HV3TFDSXX_L1
5	172338200	172465682	4	CN9R1_1_CKDN190048205-1A_HV3TFDSXX_L1
5	172466300	173004900	6	CN9R1_1_CKDN190048205-1A_HV3TFDSXX_L1
5	173005241	175440896	4	CN9R1_1_CKDN190048205-1A_HV3TFDSXX_L1
5	175441300	176116248	4	CN9R1_1_CKDN190048205-1A_HV3TFDSXX_L1
5	176117003	176379584	6	CN9R1_1_CKDN190048205-1A_HV3TFDSXX_L1
5	176379847	177883700	4	CN9R1_1_CKDN190048205-1A_HV3TFDSXX_L1
5	177884000	178805800	3	CN9R1_1_CKDN190048205-1A_HV3TFDSXX_L1
5	178806144	181476200	5	CN9R1_1_CKDN190048205-1A_HV3TFDSXX_L1
6	152100	250000	4	CN9R1_1_CKDN190048205-1A_HV3TFDSXX_L1
6	256765	384970	5	CN9R1_1_CKDN190048205-1A_HV3TFDSXX_L1
6	392070	32458475	5	CN9R1_1_CKDN190048205-1A_HV3TFDSXX_L1
6	32459066	32598600	4	CN9R1_1_CKDN190048205-1A_HV3TFDSXX_L1
6	32603543	33865139	6	CN9R1_1_CKDN190048205-1A_HV3TFDSXX_L1
6	33869303	36918400	4	CN9R1_1_CKDN190048205-1A_HV3TFDSXX_L1
6	36923532	38766921	6	CN9R1_1_CKDN190048205-1A_HV3TFDSXX_L1
6	38767962	41810455	4	CN9R1_1_CKDN190048205-1A_HV3TFDSXX_L1
6	41812500	46123300	5	CN9R1_1_CKDN190048205-1A_HV3TFDSXX_L1
6	46124000	52111974	5	CN9R1_1_CKDN190048205-1A_HV3TFDSXX_L1
6	52112477	57796000	4	CN9R1_1_CKDN190048205-1A_HV3TFDSXX_L1
6	57799886	57822900	1	CN9R1_1_CKDN190048205-1A_HV3TFDSXX_L1
6	57824625	58447400	6	CN9R1_1_CKDN190048205-1A_HV3TFDSXX_L1
6	58555100	59653000	1	CN9R1_1_CKDN190048205-1A_HV3TFDSXX_L1
6	59655400	170743300	3	CN9R1_1_CKDN190048205-1A_HV3TFDSXX_L1
7	37445	14300100	5	CN9R1_1_CKDN190048205-1A_HV3TFDSXX_L1
7	14302700	31720600	5	CN9R1_1_CKDN190048205-1A_HV3TFDSXX_L1
7	31726640	34281000	6	CN9R1_1_CKDN190048205-1A_HV3TFDSXX_L1
7	34293400	48723100	5	CN9R1_1_CKDN190048205-1A_HV3TFDSXX_L1
7	48731100	53639900	4	CN9R1_1_CKDN190048205-1A_HV3TFDSXX_L1
7	53649200	56873400	5	CN9R1_1_CKDN190048205-1A_HV3TFDSXX_L1
7	56882527	63632282	6	CN9R1_1_CKDN190048205-1A_HV3TFDSXX_L1
7	63664900	100949300	5	CN9R1_1_CKDN190048205-1A_HV3TFDSXX_L1
7	100956600	102841500	6	CN9R1_1_CKDN190048205-1A_HV3TFDSXX_L1
7	102852271	142415902	6	CN9R1_1_CKDN190048205-1A_HV3TFDSXX_L1
7	142440268	144350600	6	CN9R1_1_CKDN190048205-1A_HV3TFDSXX_L1
7	144350900	157570900	5	CN9R1_1_CKDN190048205-1A_HV3TFDSXX_L1
7	157573300	159332972	6	CN9R1_1_CKDN190048205-1A_HV3TFDSXX_L1
8	196300	7348324	2	CN9R1_1_CKDN190048205-1A_HV3TFDSXX_L1
8	7349300	7395222	5	CN9R1_1_CKDN190048205-1A_HV3TFDSXX_L1
8	7395726	12496900	3	CN9R1_1_CKDN190048205-1A_HV3TFDSXX_L1
8	12500107	12599500	5	CN9R1_1_CKDN190048205-1A_HV3TFDSXX_L1
8	12600500	43955600	3	CN9R1_1_CKDN190048205-1A_HV3TFDSXX_L1
8	44049300	45756400	1	CN9R1_1_CKDN190048205-1A_HV3TFDSXX_L1
8	45957300	87374000	3	CN9R1_1_CKDN190048205-1A_HV3TFDSXX_L1
8	87374800	89411710	3	CN9R1_1_CKDN190048205-1A_HV3TFDSXX_L1
8	89414500	90561400	3	CN9R1_1_CKDN190048205-1A_HV3TFDSXX_L1
8	90563113	92159185	4	CN9R1_1_CKDN190048205-1A_HV3TFDSXX_L1
8	92162200	108724571	3	CN9R1_1_CKDN190048205-1A_HV3TFDSXX_L1
8	108728000	111833715	4	CN9R1_1_CKDN190048205-1A_HV3TFDSXX_L1
8	111842786	117574600	3	CN9R1_1_CKDN190048205-1A_HV3TFDSXX_L1
8	117577700	117636800	6	CN9R1_1_CKDN190048205-1A_HV3TFDSXX_L1
8	117637557	130168700	9	CN9R1_1_CKDN190048205-1A_HV3TFDSXX_L1
8	130172300	130451900	3	CN9R1_1_CKDN190048205-1A_HV3TFDSXX_L1
8	130454300	133416775	6	CN9R1_1_CKDN190048205-1A_HV3TFDSXX_L1
8	133417223	137828400	3	CN9R1_1_CKDN190048205-1A_HV3TFDSXX_L1
8	137828600	144288000	5	CN9R1_1_CKDN190048205-1A_HV3TFDSXX_L1
8	144301300	145075300	3	CN9R1_1_CKDN190048205-1A_HV3TFDSXX_L1
9	10775	1976700	5	CN9R1_1_CKDN190048205-1A_HV3TFDSXX_L1
9	1979500	3595600	7	CN9R1_1_CKDN190048205-1A_HV3TFDSXX_L1
9	3596000	6632593	7	CN9R1_1_CKDN190048205-1A_HV3TFDSXX_L1
9	6633473	9795073	6	CN9R1_1_CKDN190048205-1A_HV3TFDSXX_L1
9	9799282	9823403	2	CN9R1_1_CKDN190048205-1A_HV3TFDSXX_L1
9	9830207	23060726	6	CN9R1_1_CKDN190048205-1A_HV3TFDSXX_L1
9	23060946	32083618	6	CN9R1_1_CKDN190048205-1A_HV3TFDSXX_L1
9	32083900	38415400	7	CN9R1_1_CKDN190048205-1A_HV3TFDSXX_L1
9	38417300	39952400	5	CN9R1_1_CKDN190048205-1A_HV3TFDSXX_L1
9	40011565	40867421	6	CN9R1_1_CKDN190048205-1A_HV3TFDSXX_L1
9	40867906	40872800	6	CN9R1_1_CKDN190048205-1A_HV3TFDSXX_L1
9	40872997	41575000	5	CN9R1_1_CKDN190048205-1A_HV3TFDSXX_L1
9	41594100	42384900	8	CN9R1_1_CKDN190048205-1A_HV3TFDSXX_L1
9	42386500	43833600	5	CN9R1_1_CKDN190048205-1A_HV3TFDSXX_L1
9	43886900	61649600	3	CN9R1_1_CKDN190048205-1A_HV3TFDSXX_L1
9	61664934	61960800	5	CN9R1_1_CKDN190048205-1A_HV3TFDSXX_L1
9	61967400	62523480	3	CN9R1_1_CKDN190048205-1A_HV3TFDSXX_L1
9	62526727	63907687	6	CN9R1_1_CKDN190048205-1A_HV3TFDSXX_L1
9	63908100	66079400	5	CN9R1_1_CKDN190048205-1A_HV3TFDSXX_L1
9	66079800	67759757	4	CN9R1_1_CKDN190048205-1A_HV3TFDSXX_L1
9	67760100	74203900	5	CN9R1_1_CKDN190048205-1A_HV3TFDSXX_L1
9	74205500	75049400	5	CN9R1_1_CKDN190048205-1A_HV3TFDSXX_L1
9	75050429	90760100	5	CN9R1_1_CKDN190048205-1A_HV3TFDSXX_L1
9	90760800	109624300	5	CN9R1_1_CKDN190048205-1A_HV3TFDSXX_L1
9	109625024	113059500	5	CN9R1_1_CKDN190048205-1A_HV3TFDSXX_L1
9	113060000	113085800	1	CN9R1_1_CKDN190048205-1A_HV3TFDSXX_L1
9	113088600	116789400	5	CN9R1_1_CKDN190048205-1A_HV3TFDSXX_L1
9	116789600	124117091	5	CN9R1_1_CKDN190048205-1A_HV3TFDSXX_L1
9	124117483	126516800	5	CN9R1_1_CKDN190048205-1A_HV3TFDSXX_L1
9	126520600	126744481	5	CN9R1_1_CKDN190048205-1A_HV3TFDSXX_L1
9	126745963	130921307	5	CN9R1_1_CKDN190048205-1A_HV3TFDSXX_L1
9	130921576	137532899	5	CN9R1_1_CKDN190048205-1A_HV3TFDSXX_L1
9	137537866	138232259	5	CN9R1_1_CKDN190048205-1A_HV3TFDSXX_L1
10	11600	23374400	3	CN9R1_1_CKDN190048205-1A_HV3TFDSXX_L1
10	23377975	23446700	1	CN9R1_1_CKDN190048205-1A_HV3TFDSXX_L1
10	23448900	28358405	3	CN9R1_1_CKDN190048205-1A_HV3TFDSXX_L1
10	28359072	28788500	2	CN9R1_1_CKDN190048205-1A_HV3TFDSXX_L1
10	28788692	28879356	2	CN9R1_1_CKDN190048205-1A_HV3TFDSXX_L1
10	28879981	29027400	2	CN9R1_1_CKDN190048205-1A_HV3TFDSXX_L1
10	29027778	30045500	2	CN9R1_1_CKDN190048205-1A_HV3TFDSXX_L1
10	30045875	30351000	2	CN9R1_1_CKDN190048205-1A_HV3TFDSXX_L1
10	30352528	36597992	3	CN9R1_1_CKDN190048205-1A_HV3TFDSXX_L1
10	36599192	41766180	3	CN9R1_1_CKDN190048205-1A_HV3TFDSXX_L1
10	41768400	41844310	3	CN9R1_1_CKDN190048205-1A_HV3TFDSXX_L1
10	41844400	41852412	5	CN9R1_1_CKDN190048205-1A_HV3TFDSXX_L1
10	41852922	41912400	5	CN9R1_1_CKDN190048205-1A_HV3TFDSXX_L1
10	41912700	42085900	1	CN9R1_1_CKDN190048205-1A_HV3TFDSXX_L1
10	42086400	42463820	4	CN9R1_1_CKDN190048205-1A_HV3TFDSXX_L1
10	42464100	45417300	4	CN9R1_1_CKDN190048205-1A_HV3TFDSXX_L1
10	45417900	45606700	4	CN9R1_1_CKDN190048205-1A_HV3TFDSXX_L1
10	45608396	46378100	4	CN9R1_1_CKDN190048205-1A_HV3TFDSXX_L1
10	46388800	46727700	7	CN9R1_1_CKDN190048205-1A_HV3TFDSXX_L1
10	46727900	47466200	4	CN9R1_1_CKDN190048205-1A_HV3TFDSXX_L1
10	47470000	47974800	6	CN9R1_1_CKDN190048205-1A_HV3TFDSXX_L1
10	47985200	49898300	5	CN9R1_1_CKDN190048205-1A_HV3TFDSXX_L1
10	49900687	52935900	5	CN9R1_1_CKDN190048205-1A_HV3TFDSXX_L1
10	52936162	58106936	6	CN9R1_1_CKDN190048205-1A_HV3TFDSXX_L1
10	58107708	63656900	4	CN9R1_1_CKDN190048205-1A_HV3TFDSXX_L1
10	63658983	63956427	5	CN9R1_1_CKDN190048205-1A_HV3TFDSXX_L1
10	63956672	75122700	4	CN9R1_1_CKDN190048205-1A_HV3TFDSXX_L1
10	75124500	75750250	4	CN9R1_1_CKDN190048205-1A_HV3TFDSXX_L1
10	75752400	77204800	6	CN9R1_1_CKDN190048205-1A_HV3TFDSXX_L1
10	77206147	77331700	8	CN9R1_1_CKDN190048205-1A_HV3TFDSXX_L1
10	77333500	79696748	12	CN9R1_1_CKDN190048205-1A_HV3TFDSXX_L1
10	79699643	82808944	11	CN9R1_1_CKDN190048205-1A_HV3TFDSXX_L1
10	82876300	133783700	6	CN9R1_1_CKDN190048205-1A_HV3TFDSXX_L1
11	133500	50820327	5	CN9R1_1_CKDN190048205-1A_HV3TFDSXX_L1
11	51093600	54394800	1	CN9R1_1_CKDN190048205-1A_HV3TFDSXX_L1
11	54395100	56668200	5	CN9R1_1_CKDN190048205-1A_HV3TFDSXX_L1
11	56673404	88986179	5	CN9R1_1_CKDN190048205-1A_HV3TFDSXX_L1
11	89007659	94228000	5	CN9R1_1_CKDN190048205-1A_HV3TFDSXX_L1
11	94234000	94239238	11	CN9R1_1_CKDN190048205-1A_HV3TFDSXX_L1
11	94239600	135065500	5	CN9R1_1_CKDN190048205-1A_HV3TFDSXX_L1
12	11800	15000	6	CN9R1_1_CKDN190048205-1A_HV3TFDSXX_L1
12	15700	61000	6	CN9R1_1_CKDN190048205-1A_HV3TFDSXX_L1
12	61337	11059834	5	CN9R1_1_CKDN190048205-1A_HV3TFDSXX_L1
12	11060865	11429027	3	CN9R1_1_CKDN190048205-1A_HV3TFDSXX_L1
12	11430500	26475760	5	CN9R1_1_CKDN190048205-1A_HV3TFDSXX_L1
12	26477039	26571600	1	CN9R1_1_CKDN190048205-1A_HV3TFDSXX_L1
12	26573937	26607820	4	CN9R1_1_CKDN190048205-1A_HV3TFDSXX_L1
12	26609400	28026307	5	CN9R1_1_CKDN190048205-1A_HV3TFDSXX_L1
12	28027066	34716000	4	CN9R1_1_CKDN190048205-1A_HV3TFDSXX_L1
12	34718600	37179900	1	CN9R1_1_CKDN190048205-1A_HV3TFDSXX_L1
12	37254100	42764700	5	CN9R1_1_CKDN190048205-1A_HV3TFDSXX_L1
12	42766400	113107100	5	CN9R1_1_CKDN190048205-1A_HV3TFDSXX_L1
12	113108501	119558400	4	CN9R1_1_CKDN190048205-1A_HV3TFDSXX_L1
12	119560499	125486755	4	CN9R1_1_CKDN190048205-1A_HV3TFDSXX_L1
12	125487200	133260278	4	CN9R1_1_CKDN190048205-1A_HV3TFDSXX_L1
13	16003500	16099800	7	CN9R1_1_CKDN190048205-1A_HV3TFDSXX_L1
13	16106500	16163700	1	CN9R1_1_CKDN190048205-1A_HV3TFDSXX_L1
13	16164200	17415600	6	CN9R1_1_CKDN190048205-1A_HV3TFDSXX_L1
13	17420700	18354300	1	CN9R1_1_CKDN190048205-1A_HV3TFDSXX_L1
13	18409000	18557100	1	CN9R1_1_CKDN190048205-1A_HV3TFDSXX_L1
13	18559600	78668831	2	CN9R1_1_CKDN190048205-1A_HV3TFDSXX_L1
13	78689248	114344024	5	CN9R1_1_CKDN190048205-1A_HV3TFDSXX_L1
14	16031400	19228200	6	CN9R1_1_CKDN190048205-1A_HV3TFDSXX_L1
14	19263500	19485500	11	CN9R1_1_CKDN190048205-1A_HV3TFDSXX_L1
14	19813700	72423700	3	CN9R1_1_CKDN190048205-1A_HV3TFDSXX_L1
14	72436571	74535294	3	CN9R1_1_CKDN190048205-1A_HV3TFDSXX_L1
14	74535700	74635500	3	CN9R1_1_CKDN190048205-1A_HV3TFDSXX_L1
14	74635750	81149864	3	CN9R1_1_CKDN190048205-1A_HV3TFDSXX_L1
14	81150300	83018231	3	CN9R1_1_CKDN190048205-1A_HV3TFDSXX_L1
14	83025200	99204828	3	CN9R1_1_CKDN190048205-1A_HV3TFDSXX_L1
14	99208100	99405475	3	CN9R1_1_CKDN190048205-1A_HV3TFDSXX_L1
14	99428800	105554464	6	CN9R1_1_CKDN190048205-1A_HV3TFDSXX_L1
14	105555333	105765300	10	CN9R1_1_CKDN190048205-1A_HV3TFDSXX_L1
14	105769300	106880740	5	CN9R1_1_CKDN190048205-1A_HV3TFDSXX_L1
15	17000700	19641700	7	CN9R1_1_CKDN190048205-1A_HV3TFDSXX_L1
15	19654800	20265585	2	CN9R1_1_CKDN190048205-1A_HV3TFDSXX_L1
15	20265960	22371300	3	CN9R1_1_CKDN190048205-1A_HV3TFDSXX_L1
15	22371700	23443700	3	CN9R1_1_CKDN190048205-1A_HV3TFDSXX_L1
15	23472943	28411600	2	CN9R1_1_CKDN190048205-1A_HV3TFDSXX_L1
15	28415500	50982700	3	CN9R1_1_CKDN190048205-1A_HV3TFDSXX_L1
15	50984300	101980551	4	CN9R1_1_CKDN190048205-1A_HV3TFDSXX_L1
16	11000	3764000	5	CN9R1_1_CKDN190048205-1A_HV3TFDSXX_L1
16	3774731	4972600	8	CN9R1_1_CKDN190048205-1A_HV3TFDSXX_L1
16	4981914	5070900	6	CN9R1_1_CKDN190048205-1A_HV3TFDSXX_L1
16	5078600	7971036	3	CN9R1_1_CKDN190048205-1A_HV3TFDSXX_L1
16	7990126	14873791	5	CN9R1_1_CKDN190048205-1A_HV3TFDSXX_L1
16	14881100	15029883	10	CN9R1_1_CKDN190048205-1A_HV3TFDSXX_L1
16	15047800	21474700	5	CN9R1_1_CKDN190048205-1A_HV3TFDSXX_L1
16	21499230	21581313	8	CN9R1_1_CKDN190048205-1A_HV3TFDSXX_L1
16	21581506	22430500	6	CN9R1_1_CKDN190048205-1A_HV3TFDSXX_L1
16	22432000	22699100	9	CN9R1_1_CKDN190048205-1A_HV3TFDSXX_L1
16	22722915	33109700	6	CN9R1_1_CKDN190048205-1A_HV3TFDSXX_L1
16	33112500	34603700	4	CN9R1_1_CKDN190048205-1A_HV3TFDSXX_L1
16	34606400	34948900	3	CN9R1_1_CKDN190048205-1A_HV3TFDSXX_L1
16	34949318	34956300	1	CN9R1_1_CKDN190048205-1A_HV3TFDSXX_L1
16	34957100	36083300	2	CN9R1_1_CKDN190048205-1A_HV3TFDSXX_L1
16	36084900	38279600	3	CN9R1_1_CKDN190048205-1A_HV3TFDSXX_L1
16	46381513	46392716	10	CN9R1_1_CKDN190048205-1A_HV3TFDSXX_L1
16	46393000	76340952	4	CN9R1_1_CKDN190048205-1A_HV3TFDSXX_L1
16	76341636	81189900	4	CN9R1_1_CKDN190048205-1A_HV3TFDSXX_L1
16	81190890	90102378	4	CN9R1_1_CKDN190048205-1A_HV3TFDSXX_L1
16	90102800	90226937	6	CN9R1_1_CKDN190048205-1A_HV3TFDSXX_L1
17	72900	8848544	5	CN9R1_1_CKDN190048205-1A_HV3TFDSXX_L1
17	8848800	11973651	4	CN9R1_1_CKDN190048205-1A_HV3TFDSXX_L1
17	11974192	21291459	5	CN9R1_1_CKDN190048205-1A_HV3TFDSXX_L1
17	21291924	22197585	5	CN9R1_1_CKDN190048205-1A_HV3TFDSXX_L1
17	22199700	22821700	4	CN9R1_1_CKDN190048205-1A_HV3TFDSXX_L1
17	22822100	26414700	1	CN9R1_1_CKDN190048205-1A_HV3TFDSXX_L1
17	26549100	26677500	3	CN9R1_1_CKDN190048205-1A_HV3TFDSXX_L1
17	26683300	27398850	4	CN9R1_1_CKDN190048205-1A_HV3TFDSXX_L1
17	27399223	29613800	5	CN9R1_1_CKDN190048205-1A_HV3TFDSXX_L1
17	29615000	31470700	4	CN9R1_1_CKDN190048205-1A_HV3TFDSXX_L1
17	31471900	36163887	5	CN9R1_1_CKDN190048205-1A_HV3TFDSXX_L1
17	36164318	36441700	2	CN9R1_1_CKDN190048205-1A_HV3TFDSXX_L1
17	36443800	37862900	6	CN9R1_1_CKDN190048205-1A_HV3TFDSXX_L1
17	37864993	38230200	2	CN9R1_1_CKDN190048205-1A_HV3TFDSXX_L1
17	38251000	38881500	4	CN9R1_1_CKDN190048205-1A_HV3TFDSXX_L1
17	38883900	40765120	4	CN9R1_1_CKDN190048205-1A_HV3TFDSXX_L1
17	40766277	42683251	4	CN9R1_1_CKDN190048205-1A_HV3TFDSXX_L1
17	42684400	45572900	3	CN9R1_1_CKDN190048205-1A_HV3TFDSXX_L1
17	45575100	45586800	9	CN9R1_1_CKDN190048205-1A_HV3TFDSXX_L1
17	45588312	46084800	3	CN9R1_1_CKDN190048205-1A_HV3TFDSXX_L1
17	46086457	46290000	6	CN9R1_1_CKDN190048205-1A_HV3TFDSXX_L1
17	46299100	46363600	3	CN9R1_1_CKDN190048205-1A_HV3TFDSXX_L1
17	46382000	46475100	1	CN9R1_1_CKDN190048205-1A_HV3TFDSXX_L1
17	46490300	46575400	6	CN9R1_1_CKDN190048205-1A_HV3TFDSXX_L1
17	46580300	56964400	3	CN9R1_1_CKDN190048205-1A_HV3TFDSXX_L1
17	56965334	71823555	5	CN9R1_1_CKDN190048205-1A_HV3TFDSXX_L1
17	71823800	73561723	5	CN9R1_1_CKDN190048205-1A_HV3TFDSXX_L1
17	73564352	74395800	4	CN9R1_1_CKDN190048205-1A_HV3TFDSXX_L1
17	74396826	78386200	5	CN9R1_1_CKDN190048205-1A_HV3TFDSXX_L1
17	78386461	81908300	4	CN9R1_1_CKDN190048205-1A_HV3TFDSXX_L1
17	81908570	82725156	7	CN9R1_1_CKDN190048205-1A_HV3TFDSXX_L1
17	82727922	83244700	8	CN9R1_1_CKDN190048205-1A_HV3TFDSXX_L1
18	15000	98734	3	CN9R1_1_CKDN190048205-1A_HV3TFDSXX_L1
18	105902	111100	9	CN9R1_1_CKDN190048205-1A_HV3TFDSXX_L1
18	112400	19574700	3	CN9R1_1_CKDN190048205-1A_HV3TFDSXX_L1
18	19791800	20926500	7	CN9R1_1_CKDN190048205-1A_HV3TFDSXX_L1
18	20938471	80259147	3	CN9R1_1_CKDN190048205-1A_HV3TFDSXX_L1
19	75000	24318300	5	CN9R1_1_CKDN190048205-1A_HV3TFDSXX_L1
19	24330498	24369123	6	CN9R1_1_CKDN190048205-1A_HV3TFDSXX_L1
19	24369600	24420190	4	CN9R1_1_CKDN190048205-1A_HV3TFDSXX_L1
19	24420557	24441300	1	CN9R1_1_CKDN190048205-1A_HV3TFDSXX_L1
19	24441500	27311000	4	CN9R1_1_CKDN190048205-1A_HV3TFDSXX_L1
19	27322900	27677800	6	CN9R1_1_CKDN190048205-1A_HV3TFDSXX_L1
19	27685545	37269700	5	CN9R1_1_CKDN190048205-1A_HV3TFDSXX_L1
19	37271082	37294800	27	CN9R1_1_CKDN190048205-1A_HV3TFDSXX_L1
19	37306600	50767024	5	CN9R1_1_CKDN190048205-1A_HV3TFDSXX_L1
19	50770900	52236760	6	CN9R1_1_CKDN190048205-1A_HV3TFDSXX_L1
19	52257550	53748500	9	CN9R1_1_CKDN190048205-1A_HV3TFDSXX_L1
19	53755600	58317920	6	CN9R1_1_CKDN190048205-1A_HV3TFDSXX_L1
19	58323500	58604619	1	CN9R1_1_CKDN190048205-1A_HV3TFDSXX_L1
20	61400	12119100	6	CN9R1_1_CKDN190048205-1A_HV3TFDSXX_L1
20	12119993	16673465	5	CN9R1_1_CKDN190048205-1A_HV3TFDSXX_L1
20	16674644	18806500	6	CN9R1_1_CKDN190048205-1A_HV3TFDSXX_L1
20	18809200	25165707	5	CN9R1_1_CKDN190048205-1A_HV3TFDSXX_L1
20	25166600	29407500	6	CN9R1_1_CKDN190048205-1A_HV3TFDSXX_L1
20	29408100	31106100	6	CN9R1_1_CKDN190048205-1A_HV3TFDSXX_L1
20	31157800	34871600	6	CN9R1_1_CKDN190048205-1A_HV3TFDSXX_L1
20	34871700	37244427	6	CN9R1_1_CKDN190048205-1A_HV3TFDSXX_L1
20	37246000	38614300	6	CN9R1_1_CKDN190048205-1A_HV3TFDSXX_L1
20	38615400	40900600	5	CN9R1_1_CKDN190048205-1A_HV3TFDSXX_L1
20	40902131	41978900	6	CN9R1_1_CKDN190048205-1A_HV3TFDSXX_L1
20	41979700	44415421	5	CN9R1_1_CKDN190048205-1A_HV3TFDSXX_L1
20	44416400	44938146	6	CN9R1_1_CKDN190048205-1A_HV3TFDSXX_L1
20	44938400	45468298	6	CN9R1_1_CKDN190048205-1A_HV3TFDSXX_L1
20	45469600	48433259	5	CN9R1_1_CKDN190048205-1A_HV3TFDSXX_L1
20	48433827	49321300	5	CN9R1_1_CKDN190048205-1A_HV3TFDSXX_L1
20	49321500	51652880	5	CN9R1_1_CKDN190048205-1A_HV3TFDSXX_L1
20	51653400	53726185	5	CN9R1_1_CKDN190048205-1A_HV3TFDSXX_L1
20	53726692	54447170	6	CN9R1_1_CKDN190048205-1A_HV3TFDSXX_L1
20	54447532	56315700	5	CN9R1_1_CKDN190048205-1A_HV3TFDSXX_L1
20	56315995	57936222	6	CN9R1_1_CKDN190048205-1A_HV3TFDSXX_L1
20	57936864	58114000	5	CN9R1_1_CKDN190048205-1A_HV3TFDSXX_L1
20	58115400	59292700	6	CN9R1_1_CKDN190048205-1A_HV3TFDSXX_L1
20	59293839	64261563	5	CN9R1_1_CKDN190048205-1A_HV3TFDSXX_L1
20	64262541	64333300	6	CN9R1_1_CKDN190048205-1A_HV3TFDSXX_L1
21	5085900	5329700	4	CN9R1_1_CKDN190048205-1A_HV3TFDSXX_L1
21	5332000	6364200	1	CN9R1_1_CKDN190048205-1A_HV3TFDSXX_L1
21	6364300	8992253	4	CN9R1_1_CKDN190048205-1A_HV3TFDSXX_L1
21	8992779	9036686	6	CN9R1_1_CKDN190048205-1A_HV3TFDSXX_L1
21	9037200	9987000	5	CN9R1_1_CKDN190048205-1A_HV3TFDSXX_L1
21	9987400	10427048	4	CN9R1_1_CKDN190048205-1A_HV3TFDSXX_L1
21	10427291	10565500	5	CN9R1_1_CKDN190048205-1A_HV3TFDSXX_L1
21	10565849	10795690	3	CN9R1_1_CKDN190048205-1A_HV3TFDSXX_L1
21	10795900	13034100	5	CN9R1_1_CKDN190048205-1A_HV3TFDSXX_L1
21	13035100	17933300	5	CN9R1_1_CKDN190048205-1A_HV3TFDSXX_L1
21	17934947	24700000	5	CN9R1_1_CKDN190048205-1A_HV3TFDSXX_L1
21	24701057	30020563	5	CN9R1_1_CKDN190048205-1A_HV3TFDSXX_L1
21	30024900	32188300	4	CN9R1_1_CKDN190048205-1A_HV3TFDSXX_L1
21	32189062	35095560	5	CN9R1_1_CKDN190048205-1A_HV3TFDSXX_L1
21	35095700	36088382	4	CN9R1_1_CKDN190048205-1A_HV3TFDSXX_L1
21	36088564	38440254	5	CN9R1_1_CKDN190048205-1A_HV3TFDSXX_L1
21	38442032	43366225	4	CN9R1_1_CKDN190048205-1A_HV3TFDSXX_L1
21	43368747	46697400	6	CN9R1_1_CKDN190048205-1A_HV3TFDSXX_L1
22	10557900	11266400	4	CN9R1_1_CKDN190048205-1A_HV3TFDSXX_L1
22	11271200	11630500	3	CN9R1_1_CKDN190048205-1A_HV3TFDSXX_L1
22	11681800	11720300	1	CN9R1_1_CKDN190048205-1A_HV3TFDSXX_L1
22	11722600	11974400	4	CN9R1_1_CKDN190048205-1A_HV3TFDSXX_L1
22	12029600	12152000	1	CN9R1_1_CKDN190048205-1A_HV3TFDSXX_L1
22	12155700	12188100	3	CN9R1_1_CKDN190048205-1A_HV3TFDSXX_L1
22	12190100	12374300	7	CN9R1_1_CKDN190048205-1A_HV3TFDSXX_L1
22	12375500	12640800	3	CN9R1_1_CKDN190048205-1A_HV3TFDSXX_L1
22	12692400	15620530	6	CN9R1_1_CKDN190048205-1A_HV3TFDSXX_L1
22	15626100	15908000	10	CN9R1_1_CKDN190048205-1A_HV3TFDSXX_L1
22	15920900	16527771	6	CN9R1_1_CKDN190048205-1A_HV3TFDSXX_L1
22	16529025	18175875	4	CN9R1_1_CKDN190048205-1A_HV3TFDSXX_L1
22	18185323	18649871	1	CN9R1_1_CKDN190048205-1A_HV3TFDSXX_L1
22	18727900	46949900	4	CN9R1_1_CKDN190048205-1A_HV3TFDSXX_L1
22	46954388	49735805	4	CN9R1_1_CKDN190048205-1A_HV3TFDSXX_L1
22	49736200	50801200	4	CN9R1_1_CKDN190048205-1A_HV3TFDSXX_L1
23	25479	156029565	3	CN9R1_1_CKDN190048205-1A_HV3TFDSXX_L1
