chrom	start	end	tcn.em	sample
1	13300	139500	2	CN9R2_1_CKDN190048209-1A_HTC3FDSXX_L2
1	187500	2412900	3	CN9R2_1_CKDN190048209-1A_HTC3FDSXX_L2
1	2413486	2649662	2	CN9R2_1_CKDN190048209-1A_HTC3FDSXX_L2
1	2652400	2688292	2	CN9R2_1_CKDN190048209-1A_HTC3FDSXX_L2
1	2695663	2768000	1	CN9R2_1_CKDN190048209-1A_HTC3FDSXX_L2
1	2773000	5762539	2	CN9R2_1_CKDN190048209-1A_HTC3FDSXX_L2
1	5763000	5972500	3	CN9R2_1_CKDN190048209-1A_HTC3FDSXX_L2
1	5973000	11608800	3	CN9R2_1_CKDN190048209-1A_HTC3FDSXX_L2
1	11609899	12569884	5	CN9R2_1_CKDN190048209-1A_HTC3FDSXX_L2
1	12570400	13247200	3	CN9R2_1_CKDN190048209-1A_HTC3FDSXX_L2
1	13260200	15077334	2	CN9R2_1_CKDN190048209-1A_HTC3FDSXX_L2
1	15078500	15480300	3	CN9R2_1_CKDN190048209-1A_HTC3FDSXX_L2
1	15481366	16862566	5	CN9R2_1_CKDN190048209-1A_HTC3FDSXX_L2
1	16863923	16948870	5	CN9R2_1_CKDN190048209-1A_HTC3FDSXX_L2
1	16949600	17100431	5	CN9R2_1_CKDN190048209-1A_HTC3FDSXX_L2
1	17100808	17504400	3	CN9R2_1_CKDN190048209-1A_HTC3FDSXX_L2
1	17505500	18820000	2	CN9R2_1_CKDN190048209-1A_HTC3FDSXX_L2
1	18820504	29429100	3	CN9R2_1_CKDN190048209-1A_HTC3FDSXX_L2
1	29429400	30713500	2	CN9R2_1_CKDN190048209-1A_HTC3FDSXX_L2
1	30713540	32725096	3	CN9R2_1_CKDN190048209-1A_HTC3FDSXX_L2
1	32729869	33068000	5	CN9R2_1_CKDN190048209-1A_HTC3FDSXX_L2
1	33070022	33812583	3	CN9R2_1_CKDN190048209-1A_HTC3FDSXX_L2
1	33814700	34960600	2	CN9R2_1_CKDN190048209-1A_HTC3FDSXX_L2
1	34962200	36947324	3	CN9R2_1_CKDN190048209-1A_HTC3FDSXX_L2
1	36948073	38811100	3	CN9R2_1_CKDN190048209-1A_HTC3FDSXX_L2
1	38811943	41484167	3	CN9R2_1_CKDN190048209-1A_HTC3FDSXX_L2
1	41484702	42891038	4	CN9R2_1_CKDN190048209-1A_HTC3FDSXX_L2
1	42892941	47171230	3	CN9R2_1_CKDN190048209-1A_HTC3FDSXX_L2
1	47174000	50158500	2	CN9R2_1_CKDN190048209-1A_HTC3FDSXX_L2
1	50161700	55714900	3	CN9R2_1_CKDN190048209-1A_HTC3FDSXX_L2
1	55716000	55765130	3	CN9R2_1_CKDN190048209-1A_HTC3FDSXX_L2
1	55765400	55845600	1	CN9R2_1_CKDN190048209-1A_HTC3FDSXX_L2
1	55846300	58266279	3	CN9R2_1_CKDN190048209-1A_HTC3FDSXX_L2
1	58267349	59937127	3	CN9R2_1_CKDN190048209-1A_HTC3FDSXX_L2
1	59937811	62363500	3	CN9R2_1_CKDN190048209-1A_HTC3FDSXX_L2
1	62364100	67053650	3	CN9R2_1_CKDN190048209-1A_HTC3FDSXX_L2
1	67054529	67291848	4	CN9R2_1_CKDN190048209-1A_HTC3FDSXX_L2
1	67292207	71722291	3	CN9R2_1_CKDN190048209-1A_HTC3FDSXX_L2
1	71724268	74988517	3	CN9R2_1_CKDN190048209-1A_HTC3FDSXX_L2
1	74990400	75170374	3	CN9R2_1_CKDN190048209-1A_HTC3FDSXX_L2
1	75174429	79306900	3	CN9R2_1_CKDN190048209-1A_HTC3FDSXX_L2
1	79310790	83697455	3	CN9R2_1_CKDN190048209-1A_HTC3FDSXX_L2
1	83698200	100727486	3	CN9R2_1_CKDN190048209-1A_HTC3FDSXX_L2
1	100728198	101385926	5	CN9R2_1_CKDN190048209-1A_HTC3FDSXX_L2
1	101386000	102068400	3	CN9R2_1_CKDN190048209-1A_HTC3FDSXX_L2
1	102070000	106980000	3	CN9R2_1_CKDN190048209-1A_HTC3FDSXX_L2
1	106981200	112149095	3	CN9R2_1_CKDN190048209-1A_HTC3FDSXX_L2
1	112149501	112162000	1	CN9R2_1_CKDN190048209-1A_HTC3FDSXX_L2
1	112162438	114910441	3	CN9R2_1_CKDN190048209-1A_HTC3FDSXX_L2
1	114911993	115172263	5	CN9R2_1_CKDN190048209-1A_HTC3FDSXX_L2
1	115172404	118128700	3	CN9R2_1_CKDN190048209-1A_HTC3FDSXX_L2
1	118130100	118907625	3	CN9R2_1_CKDN190048209-1A_HTC3FDSXX_L2
1	118908145	120575900	3	CN9R2_1_CKDN190048209-1A_HTC3FDSXX_L2
1	120582100	120928800	7	CN9R2_1_CKDN190048209-1A_HTC3FDSXX_L2
1	120942596	121131000	3	CN9R2_1_CKDN190048209-1A_HTC3FDSXX_L2
1	121136800	121202700	3	CN9R2_1_CKDN190048209-1A_HTC3FDSXX_L2
1	121208325	121285000	1	CN9R2_1_CKDN190048209-1A_HTC3FDSXX_L2
1	121286000	125178400	3	CN9R2_1_CKDN190048209-1A_HTC3FDSXX_L2
1	125178700	143262300	1	CN9R2_1_CKDN190048209-1A_HTC3FDSXX_L2
1	143263000	143267600	3	CN9R2_1_CKDN190048209-1A_HTC3FDSXX_L2
1	143275400	155715700	6	CN9R2_1_CKDN190048209-1A_HTC3FDSXX_L2
1	155734145	158664500	2	CN9R2_1_CKDN190048209-1A_HTC3FDSXX_L2
1	158695081	164805900	5	CN9R2_1_CKDN190048209-1A_HTC3FDSXX_L2
1	164820364	165434666	2	CN9R2_1_CKDN190048209-1A_HTC3FDSXX_L2
1	165438100	167592259	4	CN9R2_1_CKDN190048209-1A_HTC3FDSXX_L2
1	167600200	219566565	2	CN9R2_1_CKDN190048209-1A_HTC3FDSXX_L2
1	219586500	219952600	11	CN9R2_1_CKDN190048209-1A_HTC3FDSXX_L2
1	220007100	223085900	7	CN9R2_1_CKDN190048209-1A_HTC3FDSXX_L2
1	223133800	223393881	2	CN9R2_1_CKDN190048209-1A_HTC3FDSXX_L2
1	223409411	224502865	5	CN9R2_1_CKDN190048209-1A_HTC3FDSXX_L2
1	224503132	225033200	8	CN9R2_1_CKDN190048209-1A_HTC3FDSXX_L2
1	225066800	248944400	2	CN9R2_1_CKDN190048209-1A_HTC3FDSXX_L2
2	740580	87341700	3	CN9R2_1_CKDN190048209-1A_HTC3FDSXX_L2
2	87341900	94558500	5	CN9R2_1_CKDN190048209-1A_HTC3FDSXX_L2
2	94560600	132363797	4	CN9R2_1_CKDN190048209-1A_HTC3FDSXX_L2
2	132793799	240786700	2	CN9R2_1_CKDN190048209-1A_HTC3FDSXX_L2
3	17200	75433618	2	CN9R2_1_CKDN190048209-1A_HTC3FDSXX_L2
3	75490657	75727600	4	CN9R2_1_CKDN190048209-1A_HTC3FDSXX_L2
3	75736800	90720800	2	CN9R2_1_CKDN190048209-1A_HTC3FDSXX_L2
3	90775200	99071923	5	CN9R2_1_CKDN190048209-1A_HTC3FDSXX_L2
3	99072715	101105552	3	CN9R2_1_CKDN190048209-1A_HTC3FDSXX_L2
3	101106389	102357300	5	CN9R2_1_CKDN190048209-1A_HTC3FDSXX_L2
3	102358000	105207277	3	CN9R2_1_CKDN190048209-1A_HTC3FDSXX_L2
3	105207900	108943400	3	CN9R2_1_CKDN190048209-1A_HTC3FDSXX_L2
3	108947013	109994721	3	CN9R2_1_CKDN190048209-1A_HTC3FDSXX_L2
3	109997900	113811364	3	CN9R2_1_CKDN190048209-1A_HTC3FDSXX_L2
3	113812675	125528595	3	CN9R2_1_CKDN190048209-1A_HTC3FDSXX_L2
3	125529017	125956655	4	CN9R2_1_CKDN190048209-1A_HTC3FDSXX_L2
3	125958775	127515106	3	CN9R2_1_CKDN190048209-1A_HTC3FDSXX_L2
3	127516911	127917900	3	CN9R2_1_CKDN190048209-1A_HTC3FDSXX_L2
3	127918739	128990634	5	CN9R2_1_CKDN190048209-1A_HTC3FDSXX_L2
3	128991800	139415900	3	CN9R2_1_CKDN190048209-1A_HTC3FDSXX_L2
3	139417791	140845100	3	CN9R2_1_CKDN190048209-1A_HTC3FDSXX_L2
3	140846394	141856759	3	CN9R2_1_CKDN190048209-1A_HTC3FDSXX_L2
3	141857469	142281300	5	CN9R2_1_CKDN190048209-1A_HTC3FDSXX_L2
3	142281600	144386000	3	CN9R2_1_CKDN190048209-1A_HTC3FDSXX_L2
3	144386335	148760100	3	CN9R2_1_CKDN190048209-1A_HTC3FDSXX_L2
3	148760436	149243800	3	CN9R2_1_CKDN190048209-1A_HTC3FDSXX_L2
3	149245100	149251200	1	CN9R2_1_CKDN190048209-1A_HTC3FDSXX_L2
3	149252871	149270366	3	CN9R2_1_CKDN190048209-1A_HTC3FDSXX_L2
3	149270746	150976830	3	CN9R2_1_CKDN190048209-1A_HTC3FDSXX_L2
3	150977732	161012821	3	CN9R2_1_CKDN190048209-1A_HTC3FDSXX_L2
3	161014700	161964242	5	CN9R2_1_CKDN190048209-1A_HTC3FDSXX_L2
3	161965600	168601377	3	CN9R2_1_CKDN190048209-1A_HTC3FDSXX_L2
3	168602000	168836828	3	CN9R2_1_CKDN190048209-1A_HTC3FDSXX_L2
3	168838400	173273000	3	CN9R2_1_CKDN190048209-1A_HTC3FDSXX_L2
3	173273800	182245999	3	CN9R2_1_CKDN190048209-1A_HTC3FDSXX_L2
3	182246602	185032768	3	CN9R2_1_CKDN190048209-1A_HTC3FDSXX_L2
3	185033000	186113060	3	CN9R2_1_CKDN190048209-1A_HTC3FDSXX_L2
3	186113400	191041982	3	CN9R2_1_CKDN190048209-1A_HTC3FDSXX_L2
3	191044900	191325043	5	CN9R2_1_CKDN190048209-1A_HTC3FDSXX_L2
3	191325400	195561800	3	CN9R2_1_CKDN190048209-1A_HTC3FDSXX_L2
3	195562542	195984122	3	CN9R2_1_CKDN190048209-1A_HTC3FDSXX_L2
3	195984824	197055653	3	CN9R2_1_CKDN190048209-1A_HTC3FDSXX_L2
3	197056602	198151400	3	CN9R2_1_CKDN190048209-1A_HTC3FDSXX_L2
3	198154400	198191100	2	CN9R2_1_CKDN190048209-1A_HTC3FDSXX_L2
4	15100	49147979	4	CN9R2_1_CKDN190048209-1A_HTC3FDSXX_L2
4	49148176	49333300	6	CN9R2_1_CKDN190048209-1A_HTC3FDSXX_L2
4	49500990	49528769	1	CN9R2_1_CKDN190048209-1A_HTC3FDSXX_L2
4	49529357	49570676	3	CN9R2_1_CKDN190048209-1A_HTC3FDSXX_L2
4	49570900	49657473	1	CN9R2_1_CKDN190048209-1A_HTC3FDSXX_L2
4	49709300	131674334	3	CN9R2_1_CKDN190048209-1A_HTC3FDSXX_L2
4	131689806	131823171	8	CN9R2_1_CKDN190048209-1A_HTC3FDSXX_L2
4	131999800	188481500	3	CN9R2_1_CKDN190048209-1A_HTC3FDSXX_L2
4	188503367	190119500	4	CN9R2_1_CKDN190048209-1A_HTC3FDSXX_L2
5	11700	18457	6	CN9R2_1_CKDN190048209-1A_HTC3FDSXX_L2
5	18800	642800	5	CN9R2_1_CKDN190048209-1A_HTC3FDSXX_L2
5	643700	770706	1	CN9R2_1_CKDN190048209-1A_HTC3FDSXX_L2
5	770929	892919	3	CN9R2_1_CKDN190048209-1A_HTC3FDSXX_L2
5	895811	1055450	8	CN9R2_1_CKDN190048209-1A_HTC3FDSXX_L2
5	1056400	1138700	2	CN9R2_1_CKDN190048209-1A_HTC3FDSXX_L2
5	1139487	1169487	7	CN9R2_1_CKDN190048209-1A_HTC3FDSXX_L2
5	1171583	1184494	1	CN9R2_1_CKDN190048209-1A_HTC3FDSXX_L2
5	1185000	1302000	1	CN9R2_1_CKDN190048209-1A_HTC3FDSXX_L2
5	1303600	1354943	8	CN9R2_1_CKDN190048209-1A_HTC3FDSXX_L2
5	1356300	1386128	5	CN9R2_1_CKDN190048209-1A_HTC3FDSXX_L2
5	1388400	1713200	3	CN9R2_1_CKDN190048209-1A_HTC3FDSXX_L2
5	1716883	2021700	1	CN9R2_1_CKDN190048209-1A_HTC3FDSXX_L2
5	2022050	2270800	2	CN9R2_1_CKDN190048209-1A_HTC3FDSXX_L2
5	2271100	2560900	1	CN9R2_1_CKDN190048209-1A_HTC3FDSXX_L2
5	2561000	2693900	4	CN9R2_1_CKDN190048209-1A_HTC3FDSXX_L2
5	2696500	2814280	7	CN9R2_1_CKDN190048209-1A_HTC3FDSXX_L2
5	2815300	3667694	6	CN9R2_1_CKDN190048209-1A_HTC3FDSXX_L2
5	3670202	4011400	7	CN9R2_1_CKDN190048209-1A_HTC3FDSXX_L2
5	4013879	4225613	1	CN9R2_1_CKDN190048209-1A_HTC3FDSXX_L2
5	4226952	4753200	8	CN9R2_1_CKDN190048209-1A_HTC3FDSXX_L2
5	4757300	4938240	2	CN9R2_1_CKDN190048209-1A_HTC3FDSXX_L2
5	4938500	5062934	5	CN9R2_1_CKDN190048209-1A_HTC3FDSXX_L2
5	5065500	5332209	2	CN9R2_1_CKDN190048209-1A_HTC3FDSXX_L2
5	5332900	5438007	7	CN9R2_1_CKDN190048209-1A_HTC3FDSXX_L2
5	5438276	5607837	9	CN9R2_1_CKDN190048209-1A_HTC3FDSXX_L2
5	5610322	5771541	7	CN9R2_1_CKDN190048209-1A_HTC3FDSXX_L2
5	5772700	6674448	1	CN9R2_1_CKDN190048209-1A_HTC3FDSXX_L2
5	6675693	7465623	7	CN9R2_1_CKDN190048209-1A_HTC3FDSXX_L2
5	7468576	7770900	1	CN9R2_1_CKDN190048209-1A_HTC3FDSXX_L2
5	7776684	7962750	10	CN9R2_1_CKDN190048209-1A_HTC3FDSXX_L2
5	7966200	8229300	5	CN9R2_1_CKDN190048209-1A_HTC3FDSXX_L2
5	8230135	8352038	1	CN9R2_1_CKDN190048209-1A_HTC3FDSXX_L2
5	8353700	8962907	3	CN9R2_1_CKDN190048209-1A_HTC3FDSXX_L2
5	8964800	9613134	2	CN9R2_1_CKDN190048209-1A_HTC3FDSXX_L2
5	9613570	9796320	5	CN9R2_1_CKDN190048209-1A_HTC3FDSXX_L2
5	9796400	9847800	8	CN9R2_1_CKDN190048209-1A_HTC3FDSXX_L2
5	9848800	10454230	7	CN9R2_1_CKDN190048209-1A_HTC3FDSXX_L2
5	10454800	10854860	8	CN9R2_1_CKDN190048209-1A_HTC3FDSXX_L2
5	10856020	10899921	5	CN9R2_1_CKDN190048209-1A_HTC3FDSXX_L2
5	10900375	10921800	1	CN9R2_1_CKDN190048209-1A_HTC3FDSXX_L2
5	10922800	11199800	4	CN9R2_1_CKDN190048209-1A_HTC3FDSXX_L2
5	11202600	12032873	6	CN9R2_1_CKDN190048209-1A_HTC3FDSXX_L2
5	12034919	12847500	1	CN9R2_1_CKDN190048209-1A_HTC3FDSXX_L2
5	12850652	12863700	7	CN9R2_1_CKDN190048209-1A_HTC3FDSXX_L2
5	12865800	13044092	1	CN9R2_1_CKDN190048209-1A_HTC3FDSXX_L2
5	13047300	13249965	4	CN9R2_1_CKDN190048209-1A_HTC3FDSXX_L2
5	13250936	13264600	2	CN9R2_1_CKDN190048209-1A_HTC3FDSXX_L2
5	13267500	13836962	6	CN9R2_1_CKDN190048209-1A_HTC3FDSXX_L2
5	13838124	14032677	7	CN9R2_1_CKDN190048209-1A_HTC3FDSXX_L2
5	14032800	14130151	5	CN9R2_1_CKDN190048209-1A_HTC3FDSXX_L2
5	14131285	14465400	10	CN9R2_1_CKDN190048209-1A_HTC3FDSXX_L2
5	14466100	14849800	4	CN9R2_1_CKDN190048209-1A_HTC3FDSXX_L2
5	14851500	14859900	2	CN9R2_1_CKDN190048209-1A_HTC3FDSXX_L2
5	14860705	15310700	4	CN9R2_1_CKDN190048209-1A_HTC3FDSXX_L2
5	15311100	15737188	6	CN9R2_1_CKDN190048209-1A_HTC3FDSXX_L2
5	15738003	15819681	10	CN9R2_1_CKDN190048209-1A_HTC3FDSXX_L2
5	15821600	15992058	4	CN9R2_1_CKDN190048209-1A_HTC3FDSXX_L2
5	15994512	16140708	2	CN9R2_1_CKDN190048209-1A_HTC3FDSXX_L2
5	16142100	16154800	4	CN9R2_1_CKDN190048209-1A_HTC3FDSXX_L2
5	16156700	16401069	2	CN9R2_1_CKDN190048209-1A_HTC3FDSXX_L2
5	16401153	16802900	4	CN9R2_1_CKDN190048209-1A_HTC3FDSXX_L2
5	16803300	17421400	6	CN9R2_1_CKDN190048209-1A_HTC3FDSXX_L2
5	17422705	17517400	8	CN9R2_1_CKDN190048209-1A_HTC3FDSXX_L2
5	17517675	17599500	29	CN9R2_1_CKDN190048209-1A_HTC3FDSXX_L2
5	17599900	17832305	7	CN9R2_1_CKDN190048209-1A_HTC3FDSXX_L2
5	17833400	18313649	4	CN9R2_1_CKDN190048209-1A_HTC3FDSXX_L2
5	18314980	18685568	6	CN9R2_1_CKDN190048209-1A_HTC3FDSXX_L2
5	18687800	18880100	9	CN9R2_1_CKDN190048209-1A_HTC3FDSXX_L2
5	18881589	19265500	3	CN9R2_1_CKDN190048209-1A_HTC3FDSXX_L2
5	19265943	19298000	2	CN9R2_1_CKDN190048209-1A_HTC3FDSXX_L2
5	19300300	19385815	1	CN9R2_1_CKDN190048209-1A_HTC3FDSXX_L2
5	19387500	19826356	6	CN9R2_1_CKDN190048209-1A_HTC3FDSXX_L2
5	19826754	19974400	5	CN9R2_1_CKDN190048209-1A_HTC3FDSXX_L2
5	19975777	20357868	7	CN9R2_1_CKDN190048209-1A_HTC3FDSXX_L2
5	20359600	20979100	5	CN9R2_1_CKDN190048209-1A_HTC3FDSXX_L2
5	20979900	21408100	10	CN9R2_1_CKDN190048209-1A_HTC3FDSXX_L2
5	21409900	21446100	4	CN9R2_1_CKDN190048209-1A_HTC3FDSXX_L2
5	21446900	21476400	9	CN9R2_1_CKDN190048209-1A_HTC3FDSXX_L2
5	21478200	21497191	15	CN9R2_1_CKDN190048209-1A_HTC3FDSXX_L2
5	21497400	21804000	10	CN9R2_1_CKDN190048209-1A_HTC3FDSXX_L2
5	21808000	22862070	1	CN9R2_1_CKDN190048209-1A_HTC3FDSXX_L2
5	22862900	23334921	2	CN9R2_1_CKDN190048209-1A_HTC3FDSXX_L2
5	23336964	23611473	4	CN9R2_1_CKDN190048209-1A_HTC3FDSXX_L2
5	23612100	24049500	2	CN9R2_1_CKDN190048209-1A_HTC3FDSXX_L2
5	24050400	24095676	5	CN9R2_1_CKDN190048209-1A_HTC3FDSXX_L2
5	24095961	24262656	7	CN9R2_1_CKDN190048209-1A_HTC3FDSXX_L2
5	24264233	24576375	4	CN9R2_1_CKDN190048209-1A_HTC3FDSXX_L2
5	24577421	24586000	4	CN9R2_1_CKDN190048209-1A_HTC3FDSXX_L2
5	24588324	25013972	9	CN9R2_1_CKDN190048209-1A_HTC3FDSXX_L2
5	25018105	25655151	13	CN9R2_1_CKDN190048209-1A_HTC3FDSXX_L2
5	25657542	25926900	8	CN9R2_1_CKDN190048209-1A_HTC3FDSXX_L2
5	25927742	26494645	13	CN9R2_1_CKDN190048209-1A_HTC3FDSXX_L2
5	26496839	28287596	2	CN9R2_1_CKDN190048209-1A_HTC3FDSXX_L2
5	28288584	30910100	2	CN9R2_1_CKDN190048209-1A_HTC3FDSXX_L2
5	30910600	32696821	2	CN9R2_1_CKDN190048209-1A_HTC3FDSXX_L2
5	32697200	32867700	3	CN9R2_1_CKDN190048209-1A_HTC3FDSXX_L2
5	32867920	34175162	3	CN9R2_1_CKDN190048209-1A_HTC3FDSXX_L2
5	34178500	34197200	11	CN9R2_1_CKDN190048209-1A_HTC3FDSXX_L2
5	34200657	34550475	3	CN9R2_1_CKDN190048209-1A_HTC3FDSXX_L2
5	34551260	40150272	3	CN9R2_1_CKDN190048209-1A_HTC3FDSXX_L2
5	40150472	43947800	2	CN9R2_1_CKDN190048209-1A_HTC3FDSXX_L2
5	43948000	46625400	2	CN9R2_1_CKDN190048209-1A_HTC3FDSXX_L2
5	46627900	47252700	1	CN9R2_1_CKDN190048209-1A_HTC3FDSXX_L2
5	47264800	49674500	3	CN9R2_1_CKDN190048209-1A_HTC3FDSXX_L2
5	49676700	50123900	1	CN9R2_1_CKDN190048209-1A_HTC3FDSXX_L2
5	50134200	51912200	2	CN9R2_1_CKDN190048209-1A_HTC3FDSXX_L2
5	51912507	52093400	2	CN9R2_1_CKDN190048209-1A_HTC3FDSXX_L2
5	52093843	52406500	2	CN9R2_1_CKDN190048209-1A_HTC3FDSXX_L2
5	52406900	55572275	3	CN9R2_1_CKDN190048209-1A_HTC3FDSXX_L2
5	55572653	55708963	3	CN9R2_1_CKDN190048209-1A_HTC3FDSXX_L2
5	55709800	59402319	2	CN9R2_1_CKDN190048209-1A_HTC3FDSXX_L2
5	59403211	60018200	2	CN9R2_1_CKDN190048209-1A_HTC3FDSXX_L2
5	60020300	61106383	3	CN9R2_1_CKDN190048209-1A_HTC3FDSXX_L2
5	61107000	62488440	2	CN9R2_1_CKDN190048209-1A_HTC3FDSXX_L2
5	62489193	64690689	2	CN9R2_1_CKDN190048209-1A_HTC3FDSXX_L2
5	64690947	64720814	2	CN9R2_1_CKDN190048209-1A_HTC3FDSXX_L2
5	64721100	65160548	3	CN9R2_1_CKDN190048209-1A_HTC3FDSXX_L2
5	65160700	65472850	3	CN9R2_1_CKDN190048209-1A_HTC3FDSXX_L2
5	65473500	65804833	3	CN9R2_1_CKDN190048209-1A_HTC3FDSXX_L2
5	65805632	65934175	3	CN9R2_1_CKDN190048209-1A_HTC3FDSXX_L2
5	65934500	67163855	3	CN9R2_1_CKDN190048209-1A_HTC3FDSXX_L2
5	67164200	69026900	2	CN9R2_1_CKDN190048209-1A_HTC3FDSXX_L2
5	69027658	71016300	3	CN9R2_1_CKDN190048209-1A_HTC3FDSXX_L2
5	71016439	71093931	1	CN9R2_1_CKDN190048209-1A_HTC3FDSXX_L2
5	71097900	71380000	3	CN9R2_1_CKDN190048209-1A_HTC3FDSXX_L2
5	71380600	71860376	2	CN9R2_1_CKDN190048209-1A_HTC3FDSXX_L2
5	71860584	72094904	2	CN9R2_1_CKDN190048209-1A_HTC3FDSXX_L2
5	72095200	72598700	3	CN9R2_1_CKDN190048209-1A_HTC3FDSXX_L2
5	72599247	73304200	3	CN9R2_1_CKDN190048209-1A_HTC3FDSXX_L2
5	73305000	74076704	3	CN9R2_1_CKDN190048209-1A_HTC3FDSXX_L2
5	74077240	74697826	3	CN9R2_1_CKDN190048209-1A_HTC3FDSXX_L2
5	74698304	74883712	3	CN9R2_1_CKDN190048209-1A_HTC3FDSXX_L2
5	74884566	75650837	2	CN9R2_1_CKDN190048209-1A_HTC3FDSXX_L2
5	75651500	75844281	2	CN9R2_1_CKDN190048209-1A_HTC3FDSXX_L2
5	75845320	76620245	2	CN9R2_1_CKDN190048209-1A_HTC3FDSXX_L2
5	76620900	76861380	3	CN9R2_1_CKDN190048209-1A_HTC3FDSXX_L2
5	76862427	77424419	2	CN9R2_1_CKDN190048209-1A_HTC3FDSXX_L2
5	77424928	77660064	3	CN9R2_1_CKDN190048209-1A_HTC3FDSXX_L2
5	77660376	77790141	2	CN9R2_1_CKDN190048209-1A_HTC3FDSXX_L2
5	77790254	82329100	2	CN9R2_1_CKDN190048209-1A_HTC3FDSXX_L2
5	82330900	82722452	2	CN9R2_1_CKDN190048209-1A_HTC3FDSXX_L2
5	82723200	84959500	2	CN9R2_1_CKDN190048209-1A_HTC3FDSXX_L2
5	84961389	86148681	2	CN9R2_1_CKDN190048209-1A_HTC3FDSXX_L2
5	86148932	86243703	2	CN9R2_1_CKDN190048209-1A_HTC3FDSXX_L2
5	86244164	87482476	2	CN9R2_1_CKDN190048209-1A_HTC3FDSXX_L2
5	87483141	87823852	3	CN9R2_1_CKDN190048209-1A_HTC3FDSXX_L2
5	87824800	90517628	2	CN9R2_1_CKDN190048209-1A_HTC3FDSXX_L2
5	90517900	91228600	2	CN9R2_1_CKDN190048209-1A_HTC3FDSXX_L2
5	91228983	91501500	2	CN9R2_1_CKDN190048209-1A_HTC3FDSXX_L2
5	91501802	91632355	3	CN9R2_1_CKDN190048209-1A_HTC3FDSXX_L2
5	91632874	94947300	2	CN9R2_1_CKDN190048209-1A_HTC3FDSXX_L2
5	94948234	95264900	2	CN9R2_1_CKDN190048209-1A_HTC3FDSXX_L2
5	95265636	96911300	3	CN9R2_1_CKDN190048209-1A_HTC3FDSXX_L2
5	96911730	97536900	2	CN9R2_1_CKDN190048209-1A_HTC3FDSXX_L2
5	97537520	97692133	2	CN9R2_1_CKDN190048209-1A_HTC3FDSXX_L2
5	97692380	99310345	2	CN9R2_1_CKDN190048209-1A_HTC3FDSXX_L2
5	99311300	101994026	2	CN9R2_1_CKDN190048209-1A_HTC3FDSXX_L2
5	101994700	102245600	3	CN9R2_1_CKDN190048209-1A_HTC3FDSXX_L2
5	102247400	103517400	3	CN9R2_1_CKDN190048209-1A_HTC3FDSXX_L2
5	103518356	103685453	2	CN9R2_1_CKDN190048209-1A_HTC3FDSXX_L2
5	103687000	104675657	2	CN9R2_1_CKDN190048209-1A_HTC3FDSXX_L2
5	104677000	106875180	2	CN9R2_1_CKDN190048209-1A_HTC3FDSXX_L2
5	106875489	106979831	2	CN9R2_1_CKDN190048209-1A_HTC3FDSXX_L2
5	106981558	109973944	2	CN9R2_1_CKDN190048209-1A_HTC3FDSXX_L2
5	109974343	111381600	2	CN9R2_1_CKDN190048209-1A_HTC3FDSXX_L2
5	111382032	111494500	2	CN9R2_1_CKDN190048209-1A_HTC3FDSXX_L2
5	111495100	111654543	3	CN9R2_1_CKDN190048209-1A_HTC3FDSXX_L2
5	111655564	112652885	2	CN9R2_1_CKDN190048209-1A_HTC3FDSXX_L2
5	112653249	112971700	3	CN9R2_1_CKDN190048209-1A_HTC3FDSXX_L2
5	112972000	116291784	2	CN9R2_1_CKDN190048209-1A_HTC3FDSXX_L2
5	116293100	118731400	2	CN9R2_1_CKDN190048209-1A_HTC3FDSXX_L2
5	118732300	120042950	2	CN9R2_1_CKDN190048209-1A_HTC3FDSXX_L2
5	120043754	120230300	3	CN9R2_1_CKDN190048209-1A_HTC3FDSXX_L2
5	120232132	120498733	2	CN9R2_1_CKDN190048209-1A_HTC3FDSXX_L2
5	120499300	121058975	3	CN9R2_1_CKDN190048209-1A_HTC3FDSXX_L2
5	121059588	121190100	2	CN9R2_1_CKDN190048209-1A_HTC3FDSXX_L2
5	121191708	121579333	3	CN9R2_1_CKDN190048209-1A_HTC3FDSXX_L2
5	121579869	123309400	2	CN9R2_1_CKDN190048209-1A_HTC3FDSXX_L2
5	123310200	123546591	3	CN9R2_1_CKDN190048209-1A_HTC3FDSXX_L2
5	123548600	126136973	2	CN9R2_1_CKDN190048209-1A_HTC3FDSXX_L2
5	126137147	126357800	2	CN9R2_1_CKDN190048209-1A_HTC3FDSXX_L2
5	126358300	126534820	3	CN9R2_1_CKDN190048209-1A_HTC3FDSXX_L2
5	126535163	128204600	3	CN9R2_1_CKDN190048209-1A_HTC3FDSXX_L2
5	128205500	129703364	2	CN9R2_1_CKDN190048209-1A_HTC3FDSXX_L2
5	129703654	130389700	2	CN9R2_1_CKDN190048209-1A_HTC3FDSXX_L2
5	130390301	132017700	2	CN9R2_1_CKDN190048209-1A_HTC3FDSXX_L2
5	132017853	133236851	3	CN9R2_1_CKDN190048209-1A_HTC3FDSXX_L2
5	133237060	134090300	2	CN9R2_1_CKDN190048209-1A_HTC3FDSXX_L2
5	134091200	134993834	2	CN9R2_1_CKDN190048209-1A_HTC3FDSXX_L2
5	134994500	135631391	2	CN9R2_1_CKDN190048209-1A_HTC3FDSXX_L2
5	135631555	135715100	2	CN9R2_1_CKDN190048209-1A_HTC3FDSXX_L2
5	135715672	135779200	3	CN9R2_1_CKDN190048209-1A_HTC3FDSXX_L2
5	135779516	135785067	1	CN9R2_1_CKDN190048209-1A_HTC3FDSXX_L2
5	135785500	135868100	2	CN9R2_1_CKDN190048209-1A_HTC3FDSXX_L2
5	135868915	139349400	2	CN9R2_1_CKDN190048209-1A_HTC3FDSXX_L2
5	139349900	142581111	2	CN9R2_1_CKDN190048209-1A_HTC3FDSXX_L2
5	142581409	144250500	3	CN9R2_1_CKDN190048209-1A_HTC3FDSXX_L2
5	144250908	146189775	2	CN9R2_1_CKDN190048209-1A_HTC3FDSXX_L2
5	146191009	146736900	2	CN9R2_1_CKDN190048209-1A_HTC3FDSXX_L2
5	146737400	146792100	2	CN9R2_1_CKDN190048209-1A_HTC3FDSXX_L2
5	146792300	148113483	2	CN9R2_1_CKDN190048209-1A_HTC3FDSXX_L2
5	148113616	148640847	3	CN9R2_1_CKDN190048209-1A_HTC3FDSXX_L2
5	148641000	149688400	3	CN9R2_1_CKDN190048209-1A_HTC3FDSXX_L2
5	149688691	149854000	3	CN9R2_1_CKDN190048209-1A_HTC3FDSXX_L2
5	149854461	152320785	2	CN9R2_1_CKDN190048209-1A_HTC3FDSXX_L2
5	152321164	152329074	2	CN9R2_1_CKDN190048209-1A_HTC3FDSXX_L2
5	152330100	152338870	2	CN9R2_1_CKDN190048209-1A_HTC3FDSXX_L2
5	152339182	153486400	2	CN9R2_1_CKDN190048209-1A_HTC3FDSXX_L2
5	153487300	155106800	2	CN9R2_1_CKDN190048209-1A_HTC3FDSXX_L2
5	155108900	157073400	2	CN9R2_1_CKDN190048209-1A_HTC3FDSXX_L2
5	157073920	157392100	2	CN9R2_1_CKDN190048209-1A_HTC3FDSXX_L2
5	157392370	158874400	2	CN9R2_1_CKDN190048209-1A_HTC3FDSXX_L2
5	158874600	159527994	4	CN9R2_1_CKDN190048209-1A_HTC3FDSXX_L2
5	159528400	159660413	5	CN9R2_1_CKDN190048209-1A_HTC3FDSXX_L2
5	159660762	160755297	4	CN9R2_1_CKDN190048209-1A_HTC3FDSXX_L2
5	160757200	163247200	3	CN9R2_1_CKDN190048209-1A_HTC3FDSXX_L2
5	163247900	163884346	3	CN9R2_1_CKDN190048209-1A_HTC3FDSXX_L2
5	163884500	164202600	4	CN9R2_1_CKDN190048209-1A_HTC3FDSXX_L2
5	164203069	164431500	3	CN9R2_1_CKDN190048209-1A_HTC3FDSXX_L2
5	164431972	167126700	3	CN9R2_1_CKDN190048209-1A_HTC3FDSXX_L2
5	167128336	167611908	3	CN9R2_1_CKDN190048209-1A_HTC3FDSXX_L2
5	167612605	167970034	4	CN9R2_1_CKDN190048209-1A_HTC3FDSXX_L2
5	167970300	170201020	3	CN9R2_1_CKDN190048209-1A_HTC3FDSXX_L2
5	170201500	171149200	3	CN9R2_1_CKDN190048209-1A_HTC3FDSXX_L2
5	171149391	172347075	4	CN9R2_1_CKDN190048209-1A_HTC3FDSXX_L2
5	172349300	172458200	3	CN9R2_1_CKDN190048209-1A_HTC3FDSXX_L2
5	172458841	173618500	4	CN9R2_1_CKDN190048209-1A_HTC3FDSXX_L2
5	173618988	176134100	3	CN9R2_1_CKDN190048209-1A_HTC3FDSXX_L2
5	176134583	176372900	5	CN9R2_1_CKDN190048209-1A_HTC3FDSXX_L2
5	176373346	177884000	4	CN9R2_1_CKDN190048209-1A_HTC3FDSXX_L2
5	177884212	177893000	3	CN9R2_1_CKDN190048209-1A_HTC3FDSXX_L2
5	177893548	179414531	3	CN9R2_1_CKDN190048209-1A_HTC3FDSXX_L2
5	179414875	181476200	4	CN9R2_1_CKDN190048209-1A_HTC3FDSXX_L2
6	152100	217800	3	CN9R2_1_CKDN190048209-1A_HTC3FDSXX_L2
6	218392	397400	5	CN9R2_1_CKDN190048209-1A_HTC3FDSXX_L2
6	402800	18552823	3	CN9R2_1_CKDN190048209-1A_HTC3FDSXX_L2
6	18553865	29942675	3	CN9R2_1_CKDN190048209-1A_HTC3FDSXX_L2
6	29943226	32448557	3	CN9R2_1_CKDN190048209-1A_HTC3FDSXX_L2
6	32448900	32758371	4	CN9R2_1_CKDN190048209-1A_HTC3FDSXX_L2
6	32758700	33926649	3	CN9R2_1_CKDN190048209-1A_HTC3FDSXX_L2
6	33930817	36916210	3	CN9R2_1_CKDN190048209-1A_HTC3FDSXX_L2
6	36918400	38975015	3	CN9R2_1_CKDN190048209-1A_HTC3FDSXX_L2
6	38975700	40997200	2	CN9R2_1_CKDN190048209-1A_HTC3FDSXX_L2
6	41000203	58447400	3	CN9R2_1_CKDN190048209-1A_HTC3FDSXX_L2
6	58555100	59828800	1	CN9R2_1_CKDN190048209-1A_HTC3FDSXX_L2
6	60236600	126057900	3	CN9R2_1_CKDN190048209-1A_HTC3FDSXX_L2
6	126061300	126167054	1	CN9R2_1_CKDN190048209-1A_HTC3FDSXX_L2
6	126173700	170743300	3	CN9R2_1_CKDN190048209-1A_HTC3FDSXX_L2
7	37445	46832512	2	CN9R2_1_CKDN190048209-1A_HTC3FDSXX_L2
7	46841696	56802300	2	CN9R2_1_CKDN190048209-1A_HTC3FDSXX_L2
7	56816000	56827487	1	CN9R2_1_CKDN190048209-1A_HTC3FDSXX_L2
7	56828580	58042400	2	CN9R2_1_CKDN190048209-1A_HTC3FDSXX_L2
7	58043900	63317800	3	CN9R2_1_CKDN190048209-1A_HTC3FDSXX_L2
7	63325100	100942500	2	CN9R2_1_CKDN190048209-1A_HTC3FDSXX_L2
7	100949300	102789639	3	CN9R2_1_CKDN190048209-1A_HTC3FDSXX_L2
7	102799400	109251100	2	CN9R2_1_CKDN190048209-1A_HTC3FDSXX_L2
7	109340118	110962736	11	CN9R2_1_CKDN190048209-1A_HTC3FDSXX_L2
7	111104190	113483200	2	CN9R2_1_CKDN190048209-1A_HTC3FDSXX_L2
7	113495600	119878300	12	CN9R2_1_CKDN190048209-1A_HTC3FDSXX_L2
7	119927500	123864500	2	CN9R2_1_CKDN190048209-1A_HTC3FDSXX_L2
7	123923000	124107059	9	CN9R2_1_CKDN190048209-1A_HTC3FDSXX_L2
7	124172000	144345000	2	CN9R2_1_CKDN190048209-1A_HTC3FDSXX_L2
7	144347300	159332972	2	CN9R2_1_CKDN190048209-1A_HTC3FDSXX_L2
8	196300	7348324	2	CN9R2_1_CKDN190048209-1A_HTC3FDSXX_L2
8	7349300	7395222	3	CN9R2_1_CKDN190048209-1A_HTC3FDSXX_L2
8	7395726	12502100	2	CN9R2_1_CKDN190048209-1A_HTC3FDSXX_L2
8	12504700	12598400	3	CN9R2_1_CKDN190048209-1A_HTC3FDSXX_L2
8	12599500	43331800	2	CN9R2_1_CKDN190048209-1A_HTC3FDSXX_L2
8	43332813	43955600	2	CN9R2_1_CKDN190048209-1A_HTC3FDSXX_L2
8	44049300	46961794	2	CN9R2_1_CKDN190048209-1A_HTC3FDSXX_L2
8	46962228	73188200	2	CN9R2_1_CKDN190048209-1A_HTC3FDSXX_L2
8	73188673	87360144	2	CN9R2_1_CKDN190048209-1A_HTC3FDSXX_L2
8	87362100	89460000	2	CN9R2_1_CKDN190048209-1A_HTC3FDSXX_L2
8	89460900	107065023	2	CN9R2_1_CKDN190048209-1A_HTC3FDSXX_L2
8	107066723	116303091	2	CN9R2_1_CKDN190048209-1A_HTC3FDSXX_L2
8	116307526	117579600	2	CN9R2_1_CKDN190048209-1A_HTC3FDSXX_L2
8	117580400	117646600	4	CN9R2_1_CKDN190048209-1A_HTC3FDSXX_L2
8	117652400	130168700	6	CN9R2_1_CKDN190048209-1A_HTC3FDSXX_L2
8	130172300	130449500	2	CN9R2_1_CKDN190048209-1A_HTC3FDSXX_L2
8	130451900	133416775	3	CN9R2_1_CKDN190048209-1A_HTC3FDSXX_L2
8	133417223	137772700	2	CN9R2_1_CKDN190048209-1A_HTC3FDSXX_L2
8	137773900	140201800	2	CN9R2_1_CKDN190048209-1A_HTC3FDSXX_L2
8	140203900	141211381	5	CN9R2_1_CKDN190048209-1A_HTC3FDSXX_L2
8	141211700	141427252	3	CN9R2_1_CKDN190048209-1A_HTC3FDSXX_L2
8	141427600	142619000	2	CN9R2_1_CKDN190048209-1A_HTC3FDSXX_L2
8	142623071	144271800	3	CN9R2_1_CKDN190048209-1A_HTC3FDSXX_L2
8	144273300	145075300	2	CN9R2_1_CKDN190048209-1A_HTC3FDSXX_L2
9	10775	4064143	4	CN9R2_1_CKDN190048209-1A_HTC3FDSXX_L2
9	4072325	6564800	4	CN9R2_1_CKDN190048209-1A_HTC3FDSXX_L2
9	6565400	7111392	4	CN9R2_1_CKDN190048209-1A_HTC3FDSXX_L2
9	7116828	12405900	4	CN9R2_1_CKDN190048209-1A_HTC3FDSXX_L2
9	12409500	21707198	5	CN9R2_1_CKDN190048209-1A_HTC3FDSXX_L2
9	21708500	22123927	4	CN9R2_1_CKDN190048209-1A_HTC3FDSXX_L2
9	22124505	22588553	6	CN9R2_1_CKDN190048209-1A_HTC3FDSXX_L2
9	22589172	31584900	5	CN9R2_1_CKDN190048209-1A_HTC3FDSXX_L2
9	31588400	39952400	5	CN9R2_1_CKDN190048209-1A_HTC3FDSXX_L2
9	40011565	40195597	2	CN9R2_1_CKDN190048209-1A_HTC3FDSXX_L2
9	40195900	41575000	4	CN9R2_1_CKDN190048209-1A_HTC3FDSXX_L2
9	41594100	42384900	6	CN9R2_1_CKDN190048209-1A_HTC3FDSXX_L2
9	42386500	61960800	5	CN9R2_1_CKDN190048209-1A_HTC3FDSXX_L2
9	61967400	61989100	1	CN9R2_1_CKDN190048209-1A_HTC3FDSXX_L2
9	61992299	62523480	3	CN9R2_1_CKDN190048209-1A_HTC3FDSXX_L2
9	62526727	63907687	6	CN9R2_1_CKDN190048209-1A_HTC3FDSXX_L2
9	63908100	66079400	4	CN9R2_1_CKDN190048209-1A_HTC3FDSXX_L2
9	66079800	67763700	5	CN9R2_1_CKDN190048209-1A_HTC3FDSXX_L2
9	67764000	73108600	5	CN9R2_1_CKDN190048209-1A_HTC3FDSXX_L2
9	73110454	75658946	5	CN9R2_1_CKDN190048209-1A_HTC3FDSXX_L2
9	75659973	101807607	5	CN9R2_1_CKDN190048209-1A_HTC3FDSXX_L2
9	101808615	104374507	4	CN9R2_1_CKDN190048209-1A_HTC3FDSXX_L2
9	104375100	108405059	5	CN9R2_1_CKDN190048209-1A_HTC3FDSXX_L2
9	108406152	113058100	5	CN9R2_1_CKDN190048209-1A_HTC3FDSXX_L2
9	113059500	113063005	1	CN9R2_1_CKDN190048209-1A_HTC3FDSXX_L2
9	113063345	116704751	5	CN9R2_1_CKDN190048209-1A_HTC3FDSXX_L2
9	116706970	120405392	5	CN9R2_1_CKDN190048209-1A_HTC3FDSXX_L2
9	120406800	126870787	5	CN9R2_1_CKDN190048209-1A_HTC3FDSXX_L2
9	126872200	130921307	4	CN9R2_1_CKDN190048209-1A_HTC3FDSXX_L2
9	130921576	132686018	4	CN9R2_1_CKDN190048209-1A_HTC3FDSXX_L2
9	132687200	133094386	4	CN9R2_1_CKDN190048209-1A_HTC3FDSXX_L2
9	133096202	136152997	4	CN9R2_1_CKDN190048209-1A_HTC3FDSXX_L2
9	136153452	138232259	4	CN9R2_1_CKDN190048209-1A_HTC3FDSXX_L2
10	11600	1214200	2	CN9R2_1_CKDN190048209-1A_HTC3FDSXX_L2
10	1215535	2816800	2	CN9R2_1_CKDN190048209-1A_HTC3FDSXX_L2
10	2817691	7507057	2	CN9R2_1_CKDN190048209-1A_HTC3FDSXX_L2
10	7509725	11481700	2	CN9R2_1_CKDN190048209-1A_HTC3FDSXX_L2
10	11482200	19122122	2	CN9R2_1_CKDN190048209-1A_HTC3FDSXX_L2
10	19122657	20750731	2	CN9R2_1_CKDN190048209-1A_HTC3FDSXX_L2
10	20757200	28329067	2	CN9R2_1_CKDN190048209-1A_HTC3FDSXX_L2
10	28331000	29944147	2	CN9R2_1_CKDN190048209-1A_HTC3FDSXX_L2
10	29944367	30049800	1	CN9R2_1_CKDN190048209-1A_HTC3FDSXX_L2
10	30050044	30310801	2	CN9R2_1_CKDN190048209-1A_HTC3FDSXX_L2
10	30311166	34972133	2	CN9R2_1_CKDN190048209-1A_HTC3FDSXX_L2
10	34973373	35568800	2	CN9R2_1_CKDN190048209-1A_HTC3FDSXX_L2
10	35569102	41843232	2	CN9R2_1_CKDN190048209-1A_HTC3FDSXX_L2
10	41844310	41914800	5	CN9R2_1_CKDN190048209-1A_HTC3FDSXX_L2
10	41915100	42084300	1	CN9R2_1_CKDN190048209-1A_HTC3FDSXX_L2
10	42084800	42464571	5	CN9R2_1_CKDN190048209-1A_HTC3FDSXX_L2
10	42464953	45410000	3	CN9R2_1_CKDN190048209-1A_HTC3FDSXX_L2
10	45410847	45611500	3	CN9R2_1_CKDN190048209-1A_HTC3FDSXX_L2
10	45612400	46255540	3	CN9R2_1_CKDN190048209-1A_HTC3FDSXX_L2
10	46257400	46458800	3	CN9R2_1_CKDN190048209-1A_HTC3FDSXX_L2
10	46459100	46727700	4	CN9R2_1_CKDN190048209-1A_HTC3FDSXX_L2
10	46727900	47466200	3	CN9R2_1_CKDN190048209-1A_HTC3FDSXX_L2
10	47470000	47671100	4	CN9R2_1_CKDN190048209-1A_HTC3FDSXX_L2
10	47671300	52798600	3	CN9R2_1_CKDN190048209-1A_HTC3FDSXX_L2
10	52800200	53756800	5	CN9R2_1_CKDN190048209-1A_HTC3FDSXX_L2
10	53765317	57938900	3	CN9R2_1_CKDN190048209-1A_HTC3FDSXX_L2
10	57941400	58059180	5	CN9R2_1_CKDN190048209-1A_HTC3FDSXX_L2
10	58062451	63656900	3	CN9R2_1_CKDN190048209-1A_HTC3FDSXX_L2
10	63658983	63955190	5	CN9R2_1_CKDN190048209-1A_HTC3FDSXX_L2
10	63956427	69449214	3	CN9R2_1_CKDN190048209-1A_HTC3FDSXX_L2
10	69449638	72271000	3	CN9R2_1_CKDN190048209-1A_HTC3FDSXX_L2
10	72271200	75842756	3	CN9R2_1_CKDN190048209-1A_HTC3FDSXX_L2
10	75845300	77336600	5	CN9R2_1_CKDN190048209-1A_HTC3FDSXX_L2
10	77339800	80365600	8	CN9R2_1_CKDN190048209-1A_HTC3FDSXX_L2
10	80367700	82808944	7	CN9R2_1_CKDN190048209-1A_HTC3FDSXX_L2
10	82876300	86440626	3	CN9R2_1_CKDN190048209-1A_HTC3FDSXX_L2
10	86451200	104713800	3	CN9R2_1_CKDN190048209-1A_HTC3FDSXX_L2
10	104729500	133783700	3	CN9R2_1_CKDN190048209-1A_HTC3FDSXX_L2
11	133500	7611600	3	CN9R2_1_CKDN190048209-1A_HTC3FDSXX_L2
11	7616467	50820327	2	CN9R2_1_CKDN190048209-1A_HTC3FDSXX_L2
11	51093600	54375600	1	CN9R2_1_CKDN190048209-1A_HTC3FDSXX_L2
11	54382500	62463400	2	CN9R2_1_CKDN190048209-1A_HTC3FDSXX_L2
11	62472391	69745528	3	CN9R2_1_CKDN190048209-1A_HTC3FDSXX_L2
11	69749300	71557473	2	CN9R2_1_CKDN190048209-1A_HTC3FDSXX_L2
11	71561100	79016085	3	CN9R2_1_CKDN190048209-1A_HTC3FDSXX_L2
11	79017024	79888365	4	CN9R2_1_CKDN190048209-1A_HTC3FDSXX_L2
11	79900900	82013500	3	CN9R2_1_CKDN190048209-1A_HTC3FDSXX_L2
11	82027437	89674900	5	CN9R2_1_CKDN190048209-1A_HTC3FDSXX_L2
11	89679000	94162300	3	CN9R2_1_CKDN190048209-1A_HTC3FDSXX_L2
11	94163665	117870375	5	CN9R2_1_CKDN190048209-1A_HTC3FDSXX_L2
11	117942947	135065500	3	CN9R2_1_CKDN190048209-1A_HTC3FDSXX_L2
12	11800	60455	4	CN9R2_1_CKDN190048209-1A_HTC3FDSXX_L2
12	60915	26475760	3	CN9R2_1_CKDN190048209-1A_HTC3FDSXX_L2
12	26477039	26571600	1	CN9R2_1_CKDN190048209-1A_HTC3FDSXX_L2
12	26573937	26616400	3	CN9R2_1_CKDN190048209-1A_HTC3FDSXX_L2
12	26618667	28070600	5	CN9R2_1_CKDN190048209-1A_HTC3FDSXX_L2
12	28074910	34718600	3	CN9R2_1_CKDN190048209-1A_HTC3FDSXX_L2
12	34778500	37179900	1	CN9R2_1_CKDN190048209-1A_HTC3FDSXX_L2
12	37254100	45239365	3	CN9R2_1_CKDN190048209-1A_HTC3FDSXX_L2
12	45241000	96901426	3	CN9R2_1_CKDN190048209-1A_HTC3FDSXX_L2
12	96902158	103777677	3	CN9R2_1_CKDN190048209-1A_HTC3FDSXX_L2
12	103777800	104647432	3	CN9R2_1_CKDN190048209-1A_HTC3FDSXX_L2
12	104649600	112527848	3	CN9R2_1_CKDN190048209-1A_HTC3FDSXX_L2
12	112539000	119551500	3	CN9R2_1_CKDN190048209-1A_HTC3FDSXX_L2
12	119551801	127720184	3	CN9R2_1_CKDN190048209-1A_HTC3FDSXX_L2
12	127720555	131593275	2	CN9R2_1_CKDN190048209-1A_HTC3FDSXX_L2
12	131597785	133260278	3	CN9R2_1_CKDN190048209-1A_HTC3FDSXX_L2
13	16003500	16106500	5	CN9R2_1_CKDN190048209-1A_HTC3FDSXX_L2
13	16111500	16163500	1	CN9R2_1_CKDN190048209-1A_HTC3FDSXX_L2
13	16163700	16425600	2	CN9R2_1_CKDN190048209-1A_HTC3FDSXX_L2
13	16428500	17415600	1	CN9R2_1_CKDN190048209-1A_HTC3FDSXX_L2
13	17420700	18354300	2	CN9R2_1_CKDN190048209-1A_HTC3FDSXX_L2
13	18409000	18591100	0	CN9R2_1_CKDN190048209-1A_HTC3FDSXX_L2
13	18602874	114344024	2	CN9R2_1_CKDN190048209-1A_HTC3FDSXX_L2
14	16031400	19813700	3	CN9R2_1_CKDN190048209-1A_HTC3FDSXX_L2
14	19954700	71118300	2	CN9R2_1_CKDN190048209-1A_HTC3FDSXX_L2
14	71120786	72864938	2	CN9R2_1_CKDN190048209-1A_HTC3FDSXX_L2
14	72865087	74312200	2	CN9R2_1_CKDN190048209-1A_HTC3FDSXX_L2
14	74312400	74524547	2	CN9R2_1_CKDN190048209-1A_HTC3FDSXX_L2
14	74524900	74635500	2	CN9R2_1_CKDN190048209-1A_HTC3FDSXX_L2
14	74635750	99405475	2	CN9R2_1_CKDN190048209-1A_HTC3FDSXX_L2
14	99428800	105571660	4	CN9R2_1_CKDN190048209-1A_HTC3FDSXX_L2
14	105582800	105764672	7	CN9R2_1_CKDN190048209-1A_HTC3FDSXX_L2
14	105765300	106880740	3	CN9R2_1_CKDN190048209-1A_HTC3FDSXX_L2
15	17000700	17080100	6	CN9R2_1_CKDN190048209-1A_HTC3FDSXX_L2
15	17080800	18994300	1	CN9R2_1_CKDN190048209-1A_HTC3FDSXX_L2
15	19043500	19654800	6	CN9R2_1_CKDN190048209-1A_HTC3FDSXX_L2
15	19785700	20257900	1	CN9R2_1_CKDN190048209-1A_HTC3FDSXX_L2
15	20258233	22367600	2	CN9R2_1_CKDN190048209-1A_HTC3FDSXX_L2
15	22368600	23358164	2	CN9R2_1_CKDN190048209-1A_HTC3FDSXX_L2
15	23358500	28411600	2	CN9R2_1_CKDN190048209-1A_HTC3FDSXX_L2
15	28415500	50990300	2	CN9R2_1_CKDN190048209-1A_HTC3FDSXX_L2
15	50990639	91344386	3	CN9R2_1_CKDN190048209-1A_HTC3FDSXX_L2
15	91345300	98917800	3	CN9R2_1_CKDN190048209-1A_HTC3FDSXX_L2
15	98918787	101980551	3	CN9R2_1_CKDN190048209-1A_HTC3FDSXX_L2
16	11000	3774731	4	CN9R2_1_CKDN190048209-1A_HTC3FDSXX_L2
16	3777800	4972600	6	CN9R2_1_CKDN190048209-1A_HTC3FDSXX_L2
16	4981914	5062511	4	CN9R2_1_CKDN190048209-1A_HTC3FDSXX_L2
16	5070900	8162679	2	CN9R2_1_CKDN190048209-1A_HTC3FDSXX_L2
16	8171572	14881100	5	CN9R2_1_CKDN190048209-1A_HTC3FDSXX_L2
16	14894900	15029883	6	CN9R2_1_CKDN190048209-1A_HTC3FDSXX_L2
16	15047800	21370947	5	CN9R2_1_CKDN190048209-1A_HTC3FDSXX_L2
16	21380500	21582984	6	CN9R2_1_CKDN190048209-1A_HTC3FDSXX_L2
16	21583711	22430500	4	CN9R2_1_CKDN190048209-1A_HTC3FDSXX_L2
16	22432000	22730117	6	CN9R2_1_CKDN190048209-1A_HTC3FDSXX_L2
16	22735700	33095600	5	CN9R2_1_CKDN190048209-1A_HTC3FDSXX_L2
16	33109700	34596100	2	CN9R2_1_CKDN190048209-1A_HTC3FDSXX_L2
16	34602300	37073900	1	CN9R2_1_CKDN190048209-1A_HTC3FDSXX_L2
16	37104400	48838226	3	CN9R2_1_CKDN190048209-1A_HTC3FDSXX_L2
16	48839700	55403900	3	CN9R2_1_CKDN190048209-1A_HTC3FDSXX_L2
16	55404400	58887390	3	CN9R2_1_CKDN190048209-1A_HTC3FDSXX_L2
16	58889000	66144460	3	CN9R2_1_CKDN190048209-1A_HTC3FDSXX_L2
16	66147815	76076094	3	CN9R2_1_CKDN190048209-1A_HTC3FDSXX_L2
16	76077200	80566600	2	CN9R2_1_CKDN190048209-1A_HTC3FDSXX_L2
16	80567600	89373992	3	CN9R2_1_CKDN190048209-1A_HTC3FDSXX_L2
16	89376787	90226937	3	CN9R2_1_CKDN190048209-1A_HTC3FDSXX_L2
17	72900	2638386	3	CN9R2_1_CKDN190048209-1A_HTC3FDSXX_L2
17	2639100	6807629	3	CN9R2_1_CKDN190048209-1A_HTC3FDSXX_L2
17	6807800	8721151	3	CN9R2_1_CKDN190048209-1A_HTC3FDSXX_L2
17	8722800	11786700	2	CN9R2_1_CKDN190048209-1A_HTC3FDSXX_L2
17	11788500	15478755	3	CN9R2_1_CKDN190048209-1A_HTC3FDSXX_L2
17	15481444	19421554	3	CN9R2_1_CKDN190048209-1A_HTC3FDSXX_L2
17	19425902	21291459	3	CN9R2_1_CKDN190048209-1A_HTC3FDSXX_L2
17	21291924	22168000	4	CN9R2_1_CKDN190048209-1A_HTC3FDSXX_L2
17	22173482	22743900	2	CN9R2_1_CKDN190048209-1A_HTC3FDSXX_L2
17	22821600	26571000	1	CN9R2_1_CKDN190048209-1A_HTC3FDSXX_L2
17	26573100	26622800	2	CN9R2_1_CKDN190048209-1A_HTC3FDSXX_L2
17	26625000	27399223	5	CN9R2_1_CKDN190048209-1A_HTC3FDSXX_L2
17	27399800	27463200	3	CN9R2_1_CKDN190048209-1A_HTC3FDSXX_L2
17	27463695	28487700	3	CN9R2_1_CKDN190048209-1A_HTC3FDSXX_L2
17	28487860	32820301	3	CN9R2_1_CKDN190048209-1A_HTC3FDSXX_L2
17	32821400	35175888	2	CN9R2_1_CKDN190048209-1A_HTC3FDSXX_L2
17	35177175	36163887	3	CN9R2_1_CKDN190048209-1A_HTC3FDSXX_L2
17	36164318	36444307	1	CN9R2_1_CKDN190048209-1A_HTC3FDSXX_L2
17	36444900	37888602	3	CN9R2_1_CKDN190048209-1A_HTC3FDSXX_L2
17	37891900	38251000	1	CN9R2_1_CKDN190048209-1A_HTC3FDSXX_L2
17	38253143	42683251	3	CN9R2_1_CKDN190048209-1A_HTC3FDSXX_L2
17	42684400	45572900	2	CN9R2_1_CKDN190048209-1A_HTC3FDSXX_L2
17	45575100	45586400	6	CN9R2_1_CKDN190048209-1A_HTC3FDSXX_L2
17	45586800	46084800	2	CN9R2_1_CKDN190048209-1A_HTC3FDSXX_L2
17	46086457	46290000	4	CN9R2_1_CKDN190048209-1A_HTC3FDSXX_L2
17	46305454	51424200	2	CN9R2_1_CKDN190048209-1A_HTC3FDSXX_L2
17	51425000	56035708	2	CN9R2_1_CKDN190048209-1A_HTC3FDSXX_L2
17	56036200	56964400	2	CN9R2_1_CKDN190048209-1A_HTC3FDSXX_L2
17	56965334	57905000	3	CN9R2_1_CKDN190048209-1A_HTC3FDSXX_L2
17	57905700	68203619	3	CN9R2_1_CKDN190048209-1A_HTC3FDSXX_L2
17	68204100	71802600	3	CN9R2_1_CKDN190048209-1A_HTC3FDSXX_L2
17	71804000	73560465	5	CN9R2_1_CKDN190048209-1A_HTC3FDSXX_L2
17	73560800	74399700	2	CN9R2_1_CKDN190048209-1A_HTC3FDSXX_L2
17	74400573	78399340	4	CN9R2_1_CKDN190048209-1A_HTC3FDSXX_L2
17	78399672	79195100	3	CN9R2_1_CKDN190048209-1A_HTC3FDSXX_L2
17	79196830	80026300	2	CN9R2_1_CKDN190048209-1A_HTC3FDSXX_L2
17	80029450	81908570	3	CN9R2_1_CKDN190048209-1A_HTC3FDSXX_L2
17	81909000	82693620	6	CN9R2_1_CKDN190048209-1A_HTC3FDSXX_L2
17	82694957	83244700	6	CN9R2_1_CKDN190048209-1A_HTC3FDSXX_L2
18	15000	18382500	3	CN9R2_1_CKDN190048209-1A_HTC3FDSXX_L2
18	18394000	20089600	1	CN9R2_1_CKDN190048209-1A_HTC3FDSXX_L2
18	20150600	20926300	9	CN9R2_1_CKDN190048209-1A_HTC3FDSXX_L2
18	20926500	80259147	3	CN9R2_1_CKDN190048209-1A_HTC3FDSXX_L2
19	75000	246145	6	CN9R2_1_CKDN190048209-1A_HTC3FDSXX_L2
19	254200	851200	1	CN9R2_1_CKDN190048209-1A_HTC3FDSXX_L2
19	853500	24331500	2	CN9R2_1_CKDN190048209-1A_HTC3FDSXX_L2
19	24331874	24369012	3	CN9R2_1_CKDN190048209-1A_HTC3FDSXX_L2
19	24369123	24420557	2	CN9R2_1_CKDN190048209-1A_HTC3FDSXX_L2
19	24420669	24446434	1	CN9R2_1_CKDN190048209-1A_HTC3FDSXX_L2
19	24894300	27330586	2	CN9R2_1_CKDN190048209-1A_HTC3FDSXX_L2
19	27338600	27399125	5	CN9R2_1_CKDN190048209-1A_HTC3FDSXX_L2
19	27399300	37269700	2	CN9R2_1_CKDN190048209-1A_HTC3FDSXX_L2
19	37271082	37306600	13	CN9R2_1_CKDN190048209-1A_HTC3FDSXX_L2
19	37329100	40442731	2	CN9R2_1_CKDN190048209-1A_HTC3FDSXX_L2
19	40447700	50133882	2	CN9R2_1_CKDN190048209-1A_HTC3FDSXX_L2
19	50134300	50137200	7	CN9R2_1_CKDN190048209-1A_HTC3FDSXX_L2
19	50146900	50685264	3	CN9R2_1_CKDN190048209-1A_HTC3FDSXX_L2
19	50685500	50767024	2	CN9R2_1_CKDN190048209-1A_HTC3FDSXX_L2
19	50770900	52236760	4	CN9R2_1_CKDN190048209-1A_HTC3FDSXX_L2
19	52257550	53748500	5	CN9R2_1_CKDN190048209-1A_HTC3FDSXX_L2
19	53755600	58317920	4	CN9R2_1_CKDN190048209-1A_HTC3FDSXX_L2
19	58323500	58604619	1	CN9R2_1_CKDN190048209-1A_HTC3FDSXX_L2
20	61400	4329500	4	CN9R2_1_CKDN190048209-1A_HTC3FDSXX_L2
20	4330887	6452000	4	CN9R2_1_CKDN190048209-1A_HTC3FDSXX_L2
20	6452600	8579094	4	CN9R2_1_CKDN190048209-1A_HTC3FDSXX_L2
20	8579400	9259032	4	CN9R2_1_CKDN190048209-1A_HTC3FDSXX_L2
20	9260600	11690500	4	CN9R2_1_CKDN190048209-1A_HTC3FDSXX_L2
20	11693600	17119659	4	CN9R2_1_CKDN190048209-1A_HTC3FDSXX_L2
20	17120800	21700318	4	CN9R2_1_CKDN190048209-1A_HTC3FDSXX_L2
20	21702147	24844800	5	CN9R2_1_CKDN190048209-1A_HTC3FDSXX_L2
20	24845637	29909000	4	CN9R2_1_CKDN190048209-1A_HTC3FDSXX_L2
20	29909400	30996300	5	CN9R2_1_CKDN190048209-1A_HTC3FDSXX_L2
20	30998600	31106100	2	CN9R2_1_CKDN190048209-1A_HTC3FDSXX_L2
20	31157800	31231200	3	CN9R2_1_CKDN190048209-1A_HTC3FDSXX_L2
20	31231500	33921979	4	CN9R2_1_CKDN190048209-1A_HTC3FDSXX_L2
20	33922300	34183642	5	CN9R2_1_CKDN190048209-1A_HTC3FDSXX_L2
20	34184100	37162800	4	CN9R2_1_CKDN190048209-1A_HTC3FDSXX_L2
20	37166135	37256900	5	CN9R2_1_CKDN190048209-1A_HTC3FDSXX_L2
20	37257400	38641386	4	CN9R2_1_CKDN190048209-1A_HTC3FDSXX_L2
20	38642495	39443000	3	CN9R2_1_CKDN190048209-1A_HTC3FDSXX_L2
20	39445400	40763663	4	CN9R2_1_CKDN190048209-1A_HTC3FDSXX_L2
20	40764000	40890241	4	CN9R2_1_CKDN190048209-1A_HTC3FDSXX_L2
20	40891000	41862300	4	CN9R2_1_CKDN190048209-1A_HTC3FDSXX_L2
20	41862700	43459912	5	CN9R2_1_CKDN190048209-1A_HTC3FDSXX_L2
20	43459981	44821600	4	CN9R2_1_CKDN190048209-1A_HTC3FDSXX_L2
20	44824000	45467919	4	CN9R2_1_CKDN190048209-1A_HTC3FDSXX_L2
20	45468298	48743311	4	CN9R2_1_CKDN190048209-1A_HTC3FDSXX_L2
20	48743999	49318700	5	CN9R2_1_CKDN190048209-1A_HTC3FDSXX_L2
20	49319346	51789707	4	CN9R2_1_CKDN190048209-1A_HTC3FDSXX_L2
20	51790623	53425900	4	CN9R2_1_CKDN190048209-1A_HTC3FDSXX_L2
20	53426100	54180855	4	CN9R2_1_CKDN190048209-1A_HTC3FDSXX_L2
20	54181348	56572342	4	CN9R2_1_CKDN190048209-1A_HTC3FDSXX_L2
20	56575346	57936222	3	CN9R2_1_CKDN190048209-1A_HTC3FDSXX_L2
20	57936864	59132500	4	CN9R2_1_CKDN190048209-1A_HTC3FDSXX_L2
20	59132800	61938200	5	CN9R2_1_CKDN190048209-1A_HTC3FDSXX_L2
20	61938800	63468752	4	CN9R2_1_CKDN190048209-1A_HTC3FDSXX_L2
20	63468864	64333300	4	CN9R2_1_CKDN190048209-1A_HTC3FDSXX_L2
21	5085900	5392100	2	CN9R2_1_CKDN190048209-1A_HTC3FDSXX_L2
21	6364200	8992253	3	CN9R2_1_CKDN190048209-1A_HTC3FDSXX_L2
21	8992779	9102700	6	CN9R2_1_CKDN190048209-1A_HTC3FDSXX_L2
21	9131200	9981900	5	CN9R2_1_CKDN190048209-1A_HTC3FDSXX_L2
21	9982300	10416562	4	CN9R2_1_CKDN190048209-1A_HTC3FDSXX_L2
21	10416800	10519800	3	CN9R2_1_CKDN190048209-1A_HTC3FDSXX_L2
21	10520225	10570200	3	CN9R2_1_CKDN190048209-1A_HTC3FDSXX_L2
21	10570672	10746600	2	CN9R2_1_CKDN190048209-1A_HTC3FDSXX_L2
21	10747100	10795300	3	CN9R2_1_CKDN190048209-1A_HTC3FDSXX_L2
21	10795690	13034100	3	CN9R2_1_CKDN190048209-1A_HTC3FDSXX_L2
21	13035100	18295117	3	CN9R2_1_CKDN190048209-1A_HTC3FDSXX_L2
21	18296400	25344530	3	CN9R2_1_CKDN190048209-1A_HTC3FDSXX_L2
21	25347900	29869095	3	CN9R2_1_CKDN190048209-1A_HTC3FDSXX_L2
21	29871100	32067331	3	CN9R2_1_CKDN190048209-1A_HTC3FDSXX_L2
21	32067900	35074800	3	CN9R2_1_CKDN190048209-1A_HTC3FDSXX_L2
21	35077225	36088382	5	CN9R2_1_CKDN190048209-1A_HTC3FDSXX_L2
21	36088564	39566342	3	CN9R2_1_CKDN190048209-1A_HTC3FDSXX_L2
21	39568905	42725149	3	CN9R2_1_CKDN190048209-1A_HTC3FDSXX_L2
21	42728276	43376306	3	CN9R2_1_CKDN190048209-1A_HTC3FDSXX_L2
21	43572100	43954238	4	CN9R2_1_CKDN190048209-1A_HTC3FDSXX_L2
21	43954673	46290400	3	CN9R2_1_CKDN190048209-1A_HTC3FDSXX_L2
21	46291495	46551300	2	CN9R2_1_CKDN190048209-1A_HTC3FDSXX_L2
21	46552700	46697400	3	CN9R2_1_CKDN190048209-1A_HTC3FDSXX_L2
22	10557900	10720200	2	CN9R2_1_CKDN190048209-1A_HTC3FDSXX_L2
22	10720400	11266400	3	CN9R2_1_CKDN190048209-1A_HTC3FDSXX_L2
22	11271200	11630500	2	CN9R2_1_CKDN190048209-1A_HTC3FDSXX_L2
22	11681800	11723000	1	CN9R2_1_CKDN190048209-1A_HTC3FDSXX_L2
22	11790600	11974400	3	CN9R2_1_CKDN190048209-1A_HTC3FDSXX_L2
22	12029600	12077100	1	CN9R2_1_CKDN190048209-1A_HTC3FDSXX_L2
22	12149300	12178700	3	CN9R2_1_CKDN190048209-1A_HTC3FDSXX_L2
22	12180000	12374300	5	CN9R2_1_CKDN190048209-1A_HTC3FDSXX_L2
22	12375500	12639700	2	CN9R2_1_CKDN190048209-1A_HTC3FDSXX_L2
22	12640100	15620530	4	CN9R2_1_CKDN190048209-1A_HTC3FDSXX_L2
22	15626100	15908000	7	CN9R2_1_CKDN190048209-1A_HTC3FDSXX_L2
22	15920900	16475146	5	CN9R2_1_CKDN190048209-1A_HTC3FDSXX_L2
22	16477000	32589132	3	CN9R2_1_CKDN190048209-1A_HTC3FDSXX_L2
22	32597788	34880500	2	CN9R2_1_CKDN190048209-1A_HTC3FDSXX_L2
22	34882600	43293490	3	CN9R2_1_CKDN190048209-1A_HTC3FDSXX_L2
22	43294676	45056500	2	CN9R2_1_CKDN190048209-1A_HTC3FDSXX_L2
22	45064200	47280677	3	CN9R2_1_CKDN190048209-1A_HTC3FDSXX_L2
22	47281100	49674700	2	CN9R2_1_CKDN190048209-1A_HTC3FDSXX_L2
22	49679518	50801200	3	CN9R2_1_CKDN190048209-1A_HTC3FDSXX_L2
23	98600	2192100	3	CN9R2_1_CKDN190048209-1A_HTC3FDSXX_L2
23	2192800	156029565	2	CN9R2_1_CKDN190048209-1A_HTC3FDSXX_L2
