chrom	start	end	tcn.em	sample
1	13300	964254	5	CN_1_1_CKDN200002992-1A_H57L2DSXY_L1
1	965125	16503700	5	CN_1_1_CKDN200002992-1A_H57L2DSXY_L1
1	16505300	16796302	6	CN_1_1_CKDN200002992-1A_H57L2DSXY_L1
1	16796500	53051300	5	CN_1_1_CKDN200002992-1A_H57L2DSXY_L1
1	53052400	53656357	5	CN_1_1_CKDN200002992-1A_H57L2DSXY_L1
1	53658700	83529233	5	CN_1_1_CKDN200002992-1A_H57L2DSXY_L1
1	83529700	121636000	5	CN_1_1_CKDN200002992-1A_H57L2DSXY_L1
1	121637700	144104600	6	CN_1_1_CKDN200002992-1A_H57L2DSXY_L1
1	144438000	149820500	4	CN_1_1_CKDN200002992-1A_H57L2DSXY_L1
1	149849326	248382917	3	CN_1_1_CKDN200002992-1A_H57L2DSXY_L1
1	248383600	248944400	4	CN_1_1_CKDN200002992-1A_H57L2DSXY_L1
2	740580	75862021	1	CN_1_1_CKDN200002992-1A_H57L2DSXY_L1
2	77748685	91891000	5	CN_1_1_CKDN200002992-1A_H57L2DSXY_L1
2	91891100	95784100	4	CN_1_1_CKDN200002992-1A_H57L2DSXY_L1
2	95850100	95959097	6	CN_1_1_CKDN200002992-1A_H57L2DSXY_L1
2	95995500	97054786	1	CN_1_1_CKDN200002992-1A_H57L2DSXY_L1
2	97061705	131602600	4	CN_1_1_CKDN200002992-1A_H57L2DSXY_L1
2	132012000	132363797	7	CN_1_1_CKDN200002992-1A_H57L2DSXY_L1
2	132793799	240786700	2	CN_1_1_CKDN200002992-1A_H57L2DSXY_L1
3	17200	125000	3	CN_1_1_CKDN200002992-1A_H57L2DSXY_L1
3	164000	75490657	2	CN_1_1_CKDN200002992-1A_H57L2DSXY_L1
3	75563900	75785347	5	CN_1_1_CKDN200002992-1A_H57L2DSXY_L1
3	75803300	90633800	2	CN_1_1_CKDN200002992-1A_H57L2DSXY_L1
3	90720800	93784800	5	CN_1_1_CKDN200002992-1A_H57L2DSXY_L1
3	93792406	97698600	2	CN_1_1_CKDN200002992-1A_H57L2DSXY_L1
3	97706072	108973300	3	CN_1_1_CKDN200002992-1A_H57L2DSXY_L1
3	108976700	109030300	5	CN_1_1_CKDN200002992-1A_H57L2DSXY_L1
3	109030913	126161525	3	CN_1_1_CKDN200002992-1A_H57L2DSXY_L1
3	126165361	131915909	4	CN_1_1_CKDN200002992-1A_H57L2DSXY_L1
3	131916700	179682593	3	CN_1_1_CKDN200002992-1A_H57L2DSXY_L1
3	179682880	186848537	4	CN_1_1_CKDN200002992-1A_H57L2DSXY_L1
3	186848900	195615500	3	CN_1_1_CKDN200002992-1A_H57L2DSXY_L1
3	195616988	195786684	5	CN_1_1_CKDN200002992-1A_H57L2DSXY_L1
3	195788516	196025600	4	CN_1_1_CKDN200002992-1A_H57L2DSXY_L1
3	196026194	197198440	3	CN_1_1_CKDN200002992-1A_H57L2DSXY_L1
3	197198946	198191100	4	CN_1_1_CKDN200002992-1A_H57L2DSXY_L1
4	15100	68300	6	CN_1_1_CKDN200002992-1A_H57L2DSXY_L1
4	103600	9368938	2	CN_1_1_CKDN200002992-1A_H57L2DSXY_L1
4	9473673	49072934	1	CN_1_1_CKDN200002992-1A_H57L2DSXY_L1
4	49091400	51723900	7	CN_1_1_CKDN200002992-1A_H57L2DSXY_L1
4	51842889	123245700	2	CN_1_1_CKDN200002992-1A_H57L2DSXY_L1
4	123260500	126300200	5	CN_1_1_CKDN200002992-1A_H57L2DSXY_L1
4	126333300	159721900	3	CN_1_1_CKDN200002992-1A_H57L2DSXY_L1
4	159735700	159864788	6	CN_1_1_CKDN200002992-1A_H57L2DSXY_L1
4	161711300	190119500	2	CN_1_1_CKDN200002992-1A_H57L2DSXY_L1
5	11700	848020	5	CN_1_1_CKDN200002992-1A_H57L2DSXY_L1
5	848800	46428900	5	CN_1_1_CKDN200002992-1A_H57L2DSXY_L1
5	46433700	50145844	5	CN_1_1_CKDN200002992-1A_H57L2DSXY_L1
5	50146132	58536700	5	CN_1_1_CKDN200002992-1A_H57L2DSXY_L1
5	58538100	122043500	5	CN_1_1_CKDN200002992-1A_H57L2DSXY_L1
5	122044080	131284100	5	CN_1_1_CKDN200002992-1A_H57L2DSXY_L1
5	131284300	134965900	4	CN_1_1_CKDN200002992-1A_H57L2DSXY_L1
5	134966600	137853800	5	CN_1_1_CKDN200002992-1A_H57L2DSXY_L1
5	137854264	139700400	3	CN_1_1_CKDN200002992-1A_H57L2DSXY_L1
5	139700830	174371800	5	CN_1_1_CKDN200002992-1A_H57L2DSXY_L1
5	174371863	179922064	4	CN_1_1_CKDN200002992-1A_H57L2DSXY_L1
5	179923000	180594000	5	CN_1_1_CKDN200002992-1A_H57L2DSXY_L1
5	180594200	181476200	5	CN_1_1_CKDN200002992-1A_H57L2DSXY_L1
6	152100	382200	5	CN_1_1_CKDN200002992-1A_H57L2DSXY_L1
6	383200	13512216	3	CN_1_1_CKDN200002992-1A_H57L2DSXY_L1
6	13514164	45552800	3	CN_1_1_CKDN200002992-1A_H57L2DSXY_L1
6	45558500	58425500	3	CN_1_1_CKDN200002992-1A_H57L2DSXY_L1
6	58432608	170743300	4	CN_1_1_CKDN200002992-1A_H57L2DSXY_L1
7	37445	56866705	2	CN_1_1_CKDN200002992-1A_H57L2DSXY_L1
7	56873400	65752900	5	CN_1_1_CKDN200002992-1A_H57L2DSXY_L1
7	65763100	102431800	2	CN_1_1_CKDN200002992-1A_H57L2DSXY_L1
7	102434589	102854802	4	CN_1_1_CKDN200002992-1A_H57L2DSXY_L1
7	102900100	142400300	2	CN_1_1_CKDN200002992-1A_H57L2DSXY_L1
7	142415902	144375899	4	CN_1_1_CKDN200002992-1A_H57L2DSXY_L1
7	144424500	152171500	2	CN_1_1_CKDN200002992-1A_H57L2DSXY_L1
7	152221800	152410128	7	CN_1_1_CKDN200002992-1A_H57L2DSXY_L1
7	152416252	159332972	2	CN_1_1_CKDN200002992-1A_H57L2DSXY_L1
8	196300	7345060	3	CN_1_1_CKDN200002992-1A_H57L2DSXY_L1
8	7348100	8233063	5	CN_1_1_CKDN200002992-1A_H57L2DSXY_L1
8	8234652	12125400	3	CN_1_1_CKDN200002992-1A_H57L2DSXY_L1
8	12129968	12624601	5	CN_1_1_CKDN200002992-1A_H57L2DSXY_L1
8	12633276	145075300	3	CN_1_1_CKDN200002992-1A_H57L2DSXY_L1
9	10775	2503101	6	CN_1_1_CKDN200002992-1A_H57L2DSXY_L1
9	2504819	38925300	5	CN_1_1_CKDN200002992-1A_H57L2DSXY_L1
9	38925700	68352200	6	CN_1_1_CKDN200002992-1A_H57L2DSXY_L1
9	68352569	123498900	5	CN_1_1_CKDN200002992-1A_H57L2DSXY_L1
9	123501033	137026100	5	CN_1_1_CKDN200002992-1A_H57L2DSXY_L1
9	137027000	138232259	5	CN_1_1_CKDN200002992-1A_H57L2DSXY_L1
10	11600	28364416	5	CN_1_1_CKDN200002992-1A_H57L2DSXY_L1
10	28365000	30338000	6	CN_1_1_CKDN200002992-1A_H57L2DSXY_L1
10	30338337	38519093	5	CN_1_1_CKDN200002992-1A_H57L2DSXY_L1
10	38521800	41847616	5	CN_1_1_CKDN200002992-1A_H57L2DSXY_L1
10	41847986	42167071	6	CN_1_1_CKDN200002992-1A_H57L2DSXY_L1
10	42167382	42292800	5	CN_1_1_CKDN200002992-1A_H57L2DSXY_L1
10	42294800	46411495	5	CN_1_1_CKDN200002992-1A_H57L2DSXY_L1
10	46413200	46725800	6	CN_1_1_CKDN200002992-1A_H57L2DSXY_L1
10	46726100	47533200	5	CN_1_1_CKDN200002992-1A_H57L2DSXY_L1
10	47537600	48181200	5	CN_1_1_CKDN200002992-1A_H57L2DSXY_L1
10	48182200	72153700	5	CN_1_1_CKDN200002992-1A_H57L2DSXY_L1
10	72154300	74867500	4	CN_1_1_CKDN200002992-1A_H57L2DSXY_L1
10	74870600	82516100	5	CN_1_1_CKDN200002992-1A_H57L2DSXY_L1
10	82516800	133554000	3	CN_1_1_CKDN200002992-1A_H57L2DSXY_L1
10	133557000	133783700	4	CN_1_1_CKDN200002992-1A_H57L2DSXY_L1
11	133500	50819000	3	CN_1_1_CKDN200002992-1A_H57L2DSXY_L1
11	50820327	54548625	4	CN_1_1_CKDN200002992-1A_H57L2DSXY_L1
11	54549092	89720400	3	CN_1_1_CKDN200002992-1A_H57L2DSXY_L1
11	89720627	90104800	5	CN_1_1_CKDN200002992-1A_H57L2DSXY_L1
11	90107800	98184400	3	CN_1_1_CKDN200002992-1A_H57L2DSXY_L1
11	98198349	135065500	1	CN_1_1_CKDN200002992-1A_H57L2DSXY_L1
12	11800	184852	5	CN_1_1_CKDN200002992-1A_H57L2DSXY_L1
12	188777	34711800	4	CN_1_1_CKDN200002992-1A_H57L2DSXY_L1
12	34713000	37270300	6	CN_1_1_CKDN200002992-1A_H57L2DSXY_L1
12	37273600	48817654	4	CN_1_1_CKDN200002992-1A_H57L2DSXY_L1
12	48818130	53629300	4	CN_1_1_CKDN200002992-1A_H57L2DSXY_L1
12	53629500	108633111	4	CN_1_1_CKDN200002992-1A_H57L2DSXY_L1
12	108634300	124609400	3	CN_1_1_CKDN200002992-1A_H57L2DSXY_L1
12	124611853	133260278	4	CN_1_1_CKDN200002992-1A_H57L2DSXY_L1
13	16003500	16099800	4	CN_1_1_CKDN200002992-1A_H57L2DSXY_L1
13	16106500	18926503	7	CN_1_1_CKDN200002992-1A_H57L2DSXY_L1
13	18951700	114344024	5	CN_1_1_CKDN200002992-1A_H57L2DSXY_L1
14	16031400	19485500	6	CN_1_1_CKDN200002992-1A_H57L2DSXY_L1
14	19813700	72500960	2	CN_1_1_CKDN200002992-1A_H57L2DSXY_L1
14	72504254	72884400	10	CN_1_1_CKDN200002992-1A_H57L2DSXY_L1
14	72890264	73746500	6	CN_1_1_CKDN200002992-1A_H57L2DSXY_L1
14	73746663	74322200	8	CN_1_1_CKDN200002992-1A_H57L2DSXY_L1
14	74322849	74777900	10	CN_1_1_CKDN200002992-1A_H57L2DSXY_L1
14	74778247	74831349	8	CN_1_1_CKDN200002992-1A_H57L2DSXY_L1
14	74831979	74931000	5	CN_1_1_CKDN200002992-1A_H57L2DSXY_L1
14	74933237	75095700	3	CN_1_1_CKDN200002992-1A_H57L2DSXY_L1
14	75097300	75199954	5	CN_1_1_CKDN200002992-1A_H57L2DSXY_L1
14	75200200	75649024	8	CN_1_1_CKDN200002992-1A_H57L2DSXY_L1
14	75649539	76303400	6	CN_1_1_CKDN200002992-1A_H57L2DSXY_L1
14	76303865	78473344	4	CN_1_1_CKDN200002992-1A_H57L2DSXY_L1
14	78478200	78747500	8	CN_1_1_CKDN200002992-1A_H57L2DSXY_L1
14	78748198	82024803	4	CN_1_1_CKDN200002992-1A_H57L2DSXY_L1
14	82025510	82382400	6	CN_1_1_CKDN200002992-1A_H57L2DSXY_L1
14	82383200	82552213	3	CN_1_1_CKDN200002992-1A_H57L2DSXY_L1
14	82560600	82958500	8	CN_1_1_CKDN200002992-1A_H57L2DSXY_L1
14	82961625	105571660	4	CN_1_1_CKDN200002992-1A_H57L2DSXY_L1
14	105582800	106369427	6	CN_1_1_CKDN200002992-1A_H57L2DSXY_L1
14	106374200	106880740	4	CN_1_1_CKDN200002992-1A_H57L2DSXY_L1
15	17000700	21293000	6	CN_1_1_CKDN200002992-1A_H57L2DSXY_L1
15	21296000	23120900	3	CN_1_1_CKDN200002992-1A_H57L2DSXY_L1
15	23133000	23358164	5	CN_1_1_CKDN200002992-1A_H57L2DSXY_L1
15	23358500	28289514	2	CN_1_1_CKDN200002992-1A_H57L2DSXY_L1
15	28303206	28564768	4	CN_1_1_CKDN200002992-1A_H57L2DSXY_L1
15	28662224	101900937	2	CN_1_1_CKDN200002992-1A_H57L2DSXY_L1
15	101909000	101980551	5	CN_1_1_CKDN200002992-1A_H57L2DSXY_L1
16	11000	14833400	3	CN_1_1_CKDN200002992-1A_H57L2DSXY_L1
16	14862800	15274200	5	CN_1_1_CKDN200002992-1A_H57L2DSXY_L1
16	15274900	18147870	3	CN_1_1_CKDN200002992-1A_H57L2DSXY_L1
16	18160583	18744600	4	CN_1_1_CKDN200002992-1A_H57L2DSXY_L1
16	18771935	21370947	3	CN_1_1_CKDN200002992-1A_H57L2DSXY_L1
16	21380500	21582200	5	CN_1_1_CKDN200002992-1A_H57L2DSXY_L1
16	21582400	22444898	3	CN_1_1_CKDN200002992-1A_H57L2DSXY_L1
16	22448164	22699100	5	CN_1_1_CKDN200002992-1A_H57L2DSXY_L1
16	22722915	32085900	3	CN_1_1_CKDN200002992-1A_H57L2DSXY_L1
16	32087200	34957100	4	CN_1_1_CKDN200002992-1A_H57L2DSXY_L1
16	34959100	46536703	3	CN_1_1_CKDN200002992-1A_H57L2DSXY_L1
16	46538800	90226937	3	CN_1_1_CKDN200002992-1A_H57L2DSXY_L1
17	72900	650600	5	CN_1_1_CKDN200002992-1A_H57L2DSXY_L1
17	650900	7943097	4	CN_1_1_CKDN200002992-1A_H57L2DSXY_L1
17	7943400	21276000	4	CN_1_1_CKDN200002992-1A_H57L2DSXY_L1
17	21277608	22159047	5	CN_1_1_CKDN200002992-1A_H57L2DSXY_L1
17	22161200	22821700	4	CN_1_1_CKDN200002992-1A_H57L2DSXY_L1
17	22822100	26989435	5	CN_1_1_CKDN200002992-1A_H57L2DSXY_L1
17	26989800	28019855	5	CN_1_1_CKDN200002992-1A_H57L2DSXY_L1
17	28023100	36157738	4	CN_1_1_CKDN200002992-1A_H57L2DSXY_L1
17	36158849	36443800	6	CN_1_1_CKDN200002992-1A_H57L2DSXY_L1
17	36444307	49861158	3	CN_1_1_CKDN200002992-1A_H57L2DSXY_L1
17	49862600	75663800	4	CN_1_1_CKDN200002992-1A_H57L2DSXY_L1
17	75666932	83244700	3	CN_1_1_CKDN200002992-1A_H57L2DSXY_L1
18	15000	15338889	3	CN_1_1_CKDN200002992-1A_H57L2DSXY_L1
18	15341100	20957700	5	CN_1_1_CKDN200002992-1A_H57L2DSXY_L1
18	20963282	80259147	3	CN_1_1_CKDN200002992-1A_H57L2DSXY_L1
19	75000	24318300	3	CN_1_1_CKDN200002992-1A_H57L2DSXY_L1
19	24330498	27407079	6	CN_1_1_CKDN200002992-1A_H57L2DSXY_L1
19	27440337	58604619	3	CN_1_1_CKDN200002992-1A_H57L2DSXY_L1
20	61400	25764393	4	CN_1_1_CKDN200002992-1A_H57L2DSXY_L1
20	25770200	31076700	5	CN_1_1_CKDN200002992-1A_H57L2DSXY_L1
20	31077300	31516591	4	CN_1_1_CKDN200002992-1A_H57L2DSXY_L1
20	31517004	33442500	3	CN_1_1_CKDN200002992-1A_H57L2DSXY_L1
20	33442711	37514129	3	CN_1_1_CKDN200002992-1A_H57L2DSXY_L1
20	37514458	64048900	3	CN_1_1_CKDN200002992-1A_H57L2DSXY_L1
20	64050100	64333300	4	CN_1_1_CKDN200002992-1A_H57L2DSXY_L1
21	5085900	5160800	3	CN_1_1_CKDN200002992-1A_H57L2DSXY_L1
21	5216900	10272500	6	CN_1_1_CKDN200002992-1A_H57L2DSXY_L1
21	10325700	10577661	8	CN_1_1_CKDN200002992-1A_H57L2DSXY_L1
21	10578100	13202700	7	CN_1_1_CKDN200002992-1A_H57L2DSXY_L1
21	13203300	13869329	4	CN_1_1_CKDN200002992-1A_H57L2DSXY_L1
21	13870243	13900521	7	CN_1_1_CKDN200002992-1A_H57L2DSXY_L1
21	13902600	30141600	5	CN_1_1_CKDN200002992-1A_H57L2DSXY_L1
21	30145400	46558839	5	CN_1_1_CKDN200002992-1A_H57L2DSXY_L1
21	46560599	46697400	5	CN_1_1_CKDN200002992-1A_H57L2DSXY_L1
22	10557900	16533000	6	CN_1_1_CKDN200002992-1A_H57L2DSXY_L1
22	16537664	37704300	5	CN_1_1_CKDN200002992-1A_H57L2DSXY_L1
22	37705600	50148400	5	CN_1_1_CKDN200002992-1A_H57L2DSXY_L1
22	50148885	50673400	5	CN_1_1_CKDN200002992-1A_H57L2DSXY_L1
22	50673800	50801200	4	CN_1_1_CKDN200002992-1A_H57L2DSXY_L1
23	14600	156029565	5	CN_1_1_CKDN200002992-1A_H57L2DSXY_L1
